0 
1 
2 
3 
4 
5 
6 
7 
8 
9 
10 
11 
12 
13 
14 
15 
16 
17 
18 
19 
20 
21 
22 
23 
24 
25 
26 
27 
28 
29 0 0 0 1 2 2 0 2 3 1 2 3 1 1 1 4 4 4 2 0 2 1 3 5 4 2 1 3 1 3 4 4 6 2 1 7 6 4 7 6 6 7 6 7 2 7 5 7 5 6 7 0 6 8 7 8 7 1 7 3 9 8 7 7 7 9 10 5 8 4 10 11 10 10 10 10 8 5 10 11 8 7 7 6 13 8 13 13 7 7 7 10 13 8 1 4 10 1 12 14 9 10 15 6 2 16 13 9 11 3 14 14 13 4 6 15 5 14 14 14 14 14 14 9 12 13 11 11 6 3 14 16 11 6 14 5 13 4 5 6 8 2 3 6 4 2 14 13 14 14 16 14 4 7 13 14 14 14 7 15 6 18 14 7 12 10 18 11 13 8 11 14 13 13 14 13 14 20 11 9 14 15 15 13 11 14 14 14 12 13 12 13 14 27 28 32 
30 0 3 2 5 0 5 4 4 5 6 7 7 7 6 4 5 7 7 7 7 2 9 3 7 10 4 8 6 6 9 5 9 10 6 5 5 5 9 6 10 5 11 6 8 3 9 6 7 2 3 11 0 12 9 6 9 13 8 13 5 7 13 13 13 14 14 9 3 13 11 10 3 14 14 14 14 3 10 11 7 13 7 7 14 14 13 15 6 4 14 14 14 15 6 9 3 12 8 13 3 5 9 12 13 12 14 5 8 3 20 12 8 8 2 8 15 13 14 14 8 15 11 12 13 14 13 14 8 12 13 7 5 6 7 13 5 12 0 14 9 0 9 7 7 1 11 14 11 11 11 14 13 14 1 6 15 13 3 8 8 11 12 11 13 12 12 5 14 12 27 15 14 6 13 8 13 13 11 14 7 0 14 7 4 3 13 13 14 14 4 12 8 8 6 13 15 14 5 10 4 6 11 13 15 7 8 5 4 22 11 6 2 7 10 11 3 9 15 5 13 10 17 19 6 7 19 13 13 14 14 18 5 18 14 6 7 5 9 13 8 14 13 14 14 10 6 7 11 13 10 20 14 13 14 9 12 8 17 21 14 13 12 12 8 12 12 14 13 14 9 21 14 9 17 14 10 16 10 12 14 13 13 12 15 16 14 13 15 17 14 15 18 14 17 28 33 29 28 57 
31 0 1 0 2 0 3 2 1 1 7 2 7 7 4 7 3 5 5 6 7 2 2 7 1 10 3 7 9 3 4 5 9 6 9 7 1 11 0 13 4 10 0 10 6 13 13 8 2 10 7 9 13 2 4 11 1 16 12 13 13 12 14 12 7 12 13 9 5 2 8 14 6 13 11 2 2 11 14 4 2 6 2 13 13 9 13 12 14 13 14 13 14 9 7 2 2 6 14 11 6 13 14 14 15 2 2 11 6 2 6 3 7 14 4 14 13 4 15 8 8 6 7 4 14 10 6 13 10 11 0 4 5 15 12 13 13 7 11 19 14 14 11 3 7 8 7 14 5 0 15 3 16 6 8 14 9 14 4 8 2 20 0 11 6 15 16 7 12 11 7 13 0 4 7 9 14 7 10 4 5 16 7 13 14 14 15 4 13 6 3 10 7 3 8 15 6 8 7 2 7 14 14 13 6 5 5 3 8 9 6 15 11 7 4 11 4 10 12 13 3 7 9 12 8 15 4 6 13 13 23 6 7 7 13 16 11 15 14 14 13 12 12 10 12 28 10 14 27 15 10 13 14 16 28 23 14 14 14 13 15 29 15 28 
32 3 1 3 4 4 6 5 0 3 6 4 3 7 6 4 7 4 7 1 7 8 6 1 2 5 7 9 3 9 10 7 10 4 11 7 8 5 10 6 8 13 9 13 5 7 3 3 11 5 9 0 13 14 12 8 5 10 6 14 13 4 7 6 7 11 11 7 7 1 15 4 12 8 13 12 15 7 8 14 6 7 13 14 7 4 6 12 13 10 5 15 5 6 19 14 7 5 8 13 1 14 13 9 15 14 14 10 14 2 4 6 6 14 8 7 3 6 3 13 12 19 14 0 4 1 13 6 9 2 0 7 14 14 15 7 7 8 6 17 5 2 4 7 5 2 6 5 14 13 4 15 1 14 14 5 7 9 2 0 10 5 11 7 1 8 16 1 13 13 13 17 9 9 5 8 2 12 4 8 10 4 18 6 11 14 6 28 8 1 6 5 14 15 7 8 4 14 2 23 7 6 6 14 28 4 11 13 3 14 11 8 4 4 17 7 17 10 5 14 11 6 8 13 14 6 13 8 13 6 11 9 13 17 10 8 14 11 15 14 14 14 16 10 17 14 14 14 14 21 13 13 18 14 14 21 14 16 16 34 
33 0 2 4 4 2 2 3 6 0 6 6 0 7 2 6 1 4 7 6 8 6 6 2 6 7 4 6 9 7 7 10 7 10 8 11 8 2 6 7 11 10 2 3 12 9 10 8 11 4 12 5 7 3 9 11 8 6 5 7 14 8 13 13 11 14 14 3 11 12 5 1 14 1 6 14 7 3 7 13 9 11 9 7 15 0 14 13 11 3 16 14 2 8 4 13 4 12 6 12 3 15 14 2 12 14 9 5 14 16 14 8 15 2 6 0 18 13 10 4 11 7 0 2 15 1 14 11 20 7 2 14 2 8 14 9 14 9 12 5 13 14 8 7 2 15 14 0 14 15 8 14 12 9 13 8 8 0 12 6 6 5 15 4 16 14 15 14 0 10 13 4 15 15 3 2 7 16 2 13 6 4 10 2 9 0 8 6 8 10 7 5 12 7 11 14 0 14 4 9 12 13 7 9 14 2 14 5 4 13 14 6 13 7 14 14 8 14 3 13 10 12 5 7 7 5 5 9 13 12 3 13 9 19 14 18 15 18 12 15 11 14 16 26 8 35 8 7 6 8 12 14 13 9 13 19 12 10 8 14 13 28 13 15 7 13 11 15 15 14 14 14 13 26 22 13 14 13 14 13 15 14 12 12 14 15 12 15 17 16 18 36 35 27 25 
34 1 3 1 1 2 0 2 5 0 4 6 7 6 3 6 2 9 9 3 8 7 5 4 2 6 5 7 0 12 6 0 5 6 7 11 6 13 9 11 3 14 3 14 1 6 9 6 13 6 9 12 10 7 12 4 13 14 8 4 0 5 14 10 10 14 8 2 12 6 14 7 6 14 13 3 6 13 14 5 14 2 15 13 17 4 13 11 14 6 3 2 8 12 16 9 7 13 7 13 0 13 12 13 11 12 11 17 13 6 6 3 2 14 17 9 1 11 7 11 12 24 15 24 5 11 10 4 14 16 13 21 14 18 8 2 14 3 15 6 6 13 19 14 13 15 6 15 15 10 13 17 8 14 9 18 6 13 13 12 3 25 13 13 2 18 13 14 10 13 13 13 13 10 2 11 6 6 13 13 13 13 15 12 15 7 28 13 14 14 13 6 14 9 6 13 13 13 14 12 14 9 14 7 14 14 27 10 13 9 12 12 15 8 14 11 12 26 21 13 13 10 10 13 11 21 13 13 18 28 14 13 17 18 14 24 15 26 17 27 29 19 
35 1 0 1 3 3 4 3 1 4 6 7 6 7 5 8 6 4 8 4 5 5 9 8 5 5 8 1 3 10 11 6 3 1 1 7 1 5 7 3 13 3 1 12 14 11 14 0 14 13 13 12 5 13 14 9 9 13 14 6 15 7 15 14 14 13 1 9 12 10 8 10 9 6 13 11 10 7 14 9 11 14 14 4 2 14 14 3 0 11 11 13 3 18 6 9 14 21 7 16 14 13 4 17 14 8 13 13 14 0 9 23 4 17 10 7 6 13 7 6 12 13 2 17 13 9 14 24 7 13 2 13 12 14 15 6 12 11 11 13 11 14 8 12 3 13 3 16 11 20 15 11 11 8 12 17 12 13 23 20 13 14 10 10 5 2 14 12 2 2 5 28 15 11 3 6 14 7 3 13 12 7 12 4 5 6 24 16 11 11 13 22 17 14 17 9 17 10 16 15 5 21 9 19 17 5 15 7 14 15 13 20 10 8 6 17 12 16 7 9 13 13 14 14 30 9 15 11 27 13 11 15 16 36 14 14 14 16 15 15 17 19 28 64 92 
36 0 1 3 0 2 3 4 1 2 1 2 4 6 4 6 6 7 4 6 7 2 8 9 1 7 8 7 7 5 3 8 12 7 3 4 5 2 11 1 9 13 8 10 14 0 6 11 13 6 4 15 5 8 2 1 14 14 7 0 15 15 1 9 14 14 6 12 10 5 3 13 13 10 12 12 10 7 11 14 14 9 4 1 15 4 13 17 12 18 14 15 13 11 0 9 10 14 8 6 0 13 3 3 3 13 15 1 17 13 14 7 13 17 13 7 4 2 14 1 5 4 6 12 10 18 11 13 9 5 6 12 11 4 11 8 2 6 13 10 15 3 15 6 10 3 23 22 14 7 12 1 13 11 15 9 13 13 3 4 3 2 6 2 14 12 26 6 7 8 14 14 3 5 8 22 23 5 4 3 12 4 12 1 27 5 4 11 7 13 5 10 3 3 14 10 12 4 7 18 14 4 15 7 8 13 8 12 12 9 6 9 14 13 12 13 16 12 15 13 14 14 16 12 14 10 12 13 14 14 13 14 15 13 12 15 12 13 11 11 13 17 16 14 13 13 17 14 14 17 14 17 17 18 20 56 35 75 83 
37 2 3 1 3 5 0 0 6 3 5 4 4 8 0 8 7 2 6 3 7 4 5 5 2 10 11 11 5 8 13 8 9 3 6 8 13 9 4 10 12 15 9 12 6 8 8 12 13 15 14 14 14 9 4 14 5 6 5 8 13 14 12 16 13 13 13 16 9 8 2 7 8 14 5 7 13 8 7 3 1 1 14 15 18 11 14 14 0 14 1 11 4 7 13 14 5 10 2 7 0 10 4 18 3 6 6 11 6 5 13 4 13 14 5 16 7 10 6 13 16 16 13 4 9 9 11 13 12 17 7 13 5 13 13 0 4 11 14 15 7 12 13 4 14 15 9 1 14 14 7 6 9 3 6 15 1 7 27 8 12 6 10 15 11 5 7 4 21 13 7 13 14 5 6 8 13 14 7 6 14 18 13 7 6 13 11 10 14 14 13 14 12 9 10 14 24 10 10 12 15 20 20 13 12 13 15 18 12 15 13 14 18 13 11 14 13 16 14 15 34 24 14 40 14 21 34 18 28 29 25 35 
38 0 2 3 3 3 3 6 2 1 6 7 3 6 0 7 4 3 8 6 7 0 4 8 5 0 4 4 5 9 8 0 2 3 3 7 12 0 10 6 4 13 8 6 8 6 9 8 11 12 4 4 4 13 2 8 13 3 8 13 6 13 7 12 11 14 11 14 14 2 5 4 11 5 14 10 3 13 12 10 12 2 7 6 17 11 8 0 10 14 3 4 11 11 21 11 7 1 2 3 13 6 13 4 6 2 5 21 14 14 10 8 8 8 20 14 3 9 13 6 14 9 4 4 7 19 7 15 0 13 6 1 13 4 7 14 13 5 8 6 14 13 12 16 13 9 6 4 15 21 14 14 7 5 14 14 4 8 13 6 3 23 8 7 23 10 8 13 9 7 12 7 14 7 14 13 10 9 13 13 6 9 12 8 7 17 7 14 13 14 5 13 20 7 13 9 10 9 8 12 13 12 14 7 14 11 12 11 16 13 12 8 25 10 11 10 14 13 13 12 36 13 14 14 26 14 27 13 14 27 18 16 25 24 18 26 23 28 
39 1 4 3 4 5 5 5 3 0 5 1 5 0 7 1 0 6 2 7 5 0 0 5 7 5 5 10 5 9 10 4 2 12 7 12 11 1 2 12 7 2 3 0 13 6 12 13 13 3 12 3 8 14 7 3 4 1 4 12 14 14 0 6 15 5 3 2 6 15 4 14 16 10 13 0 12 11 9 5 11 18 8 0 14 14 4 6 12 11 6 11 12 12 21 12 7 12 3 9 4 2 11 8 0 21 7 1 13 7 9 7 13 6 13 12 12 14 14 3 13 2 7 8 8 21 6 4 4 15 9 12 13 15 13 16 12 8 13 8 5 4 11 13 5 15 14 3 14 0 10 14 6 8 13 3 9 13 8 16 7 18 13 14 14 5 8 13 6 10 13 13 12 10 3 13 10 4 21 24 13 9 13 10 9 13 13 13 7 7 12 8 12 14 14 13 6 7 7 14 12 8 12 11 8 15 13 14 13 8 9 9 18 9 20 27 13 15 10 11 12 12 18 13 15 13 14 28 14 19 28 17 16 20 19 35 27 26 31 29 36 36 42 
40 0 0 0 0 4 4 4 1 6 0 0 6 3 7 4 3 7 5 3 8 1 3 1 4 4 9 6 3 1 6 6 3 11 1 5 1 13 8 6 14 4 13 7 7 12 13 3 14 7 6 14 8 8 15 3 14 4 13 5 8 11 12 1 14 14 8 9 1 13 13 7 12 6 6 2 14 14 13 1 14 8 13 4 13 12 8 13 10 6 1 16 2 15 21 2 9 13 1 13 6 13 14 5 13 6 12 15 6 5 5 5 15 14 5 5 21 6 13 3 7 15 19 8 10 6 15 8 7 5 6 12 12 13 2 14 17 4 8 11 14 13 14 4 8 29 2 4 14 3 29 28 4 4 4 11 10 14 12 13 26 11 5 11 22 13 6 10 20 6 11 6 29 9 12 11 7 13 24 6 16 14 10 4 13 13 11 14 12 4 6 14 15 9 15 6 27 6 13 21 8 7 15 10 8 9 10 13 19 28 13 14 26 13 13 19 42 28 16 27 26 18 36 29 27 44 22 38 27 45 34 56 35 39 52 52 60 
41 2 0 3 4 3 5 5 6 7 6 7 7 3 3 1 8 6 8 4 7 3 3 8 5 2 12 7 11 8 4 7 13 10 11 6 5 7 12 3 12 5 12 14 5 3 14 12 13 11 13 2 15 1 3 12 6 5 11 4 17 7 10 13 1 7 5 13 9 4 5 10 1 18 9 13 1 10 7 7 11 10 7 18 12 7 7 7 13 13 1 9 4 17 15 3 3 14 1 8 11 8 10 0 5 13 2 9 18 3 3 5 19 7 15 6 14 7 7 14 4 14 23 14 3 4 15 8 5 13 8 4 6 15 11 35 7 11 9 16 6 28 13 12 20 14 17 23 15 35 29 12 34 14 16 13 31 14 17 15 42 26 42 41 16 28 26 34 33 37 26 27 25 27 41 36 34 42 53 
42 4 6 4 5 1 2 5 6 1 8 2 6 10 10 2 4 2 4 10 1 7 5 6 3 7 12 14 6 9 15 15 12 6 7 9 13 0 2 8 8 3 11 13 1 5 14 7 14 5 6 8 3 8 7 8 1 12 11 2 9 10 10 16 15 8 3 4 0 6 1 6 17 2 1 10 6 15 7 0 9 5 13 14 3 7 9 3 16 14 14 16 3 1 15 4 7 3 5 8 2 10 4 3 2 1 6 6 6 21 8 7 3 1 19 9 5 11 14 29 11 16 18 22 15 4 8 4 9 14 17 9 11 17 9 8 10 9 34 5 11 4 7 11 11 6 5 13 13 11 15 10 35 14 7 9 14 13 13 13 27 14 13 13 13 14 11 17 12 12 17 18 15 16 13 13 19 36 18 41 19 41 31 25 30 36 36 28 29 21 28 48 32 29 38 38 35 41 37 46 
43 1 1 2 0 2 2 2 0 0 3 7 5 7 6 9 5 6 7 7 8 9 5 6 7 3 13 0 8 7 9 9 9 13 1 6 14 4 3 2 13 2 5 12 12 13 6 5 5 5 12 15 14 17 6 4 5 15 1 8 13 11 2 13 15 6 7 7 2 3 15 12 6 14 14 3 1 7 14 1 6 2 8 12 2 4 7 2 13 16 17 11 13 11 3 13 15 18 22 24 6 2 12 0 21 3 0 9 12 8 16 11 2 7 2 20 3 26 7 7 10 3 26 13 9 16 5 12 11 0 13 23 6 5 25 27 27 15 4 22 23 11 13 2 27 12 5 13 17 10 12 27 12 8 29 14 14 13 7 17 8 17 9 21 8 11 14 14 11 12 22 15 10 13 25 11 12 29 20 20 12 23 41 15 17 36 13 20 40 15 22 22 29 29 25 38 25 28 32 30 35 40 49 62 37 40 41 
44 0 0 2 5 4 3 7 7 3 3 0 6 0 1 1 10 5 2 6 11 3 10 7 4 3 12 9 9 13 6 10 7 13 8 3 7 11 3 13 7 14 5 2 13 13 16 14 1 5 2 14 5 5 10 10 13 3 13 11 5 2 19 13 2 8 7 17 6 2 6 2 9 7 13 4 7 5 10 19 7 9 5 6 4 7 14 11 12 2 8 11 5 12 13 2 8 13 9 16 8 10 14 2 9 5 24 6 8 20 5 6 9 6 12 4 1 11 11 15 9 11 25 11 12 11 0 8 14 6 13 9 6 2 28 14 6 13 13 20 14 14 14 14 13 17 12 20 12 18 14 6 15 6 13 11 15 6 13 21 13 14 30 10 12 16 18 7 15 8 8 22 13 14 16 13 15 12 16 39 24 24 30 30 22 25 20 28 27 21 28 25 32 29 43 23 31 31 41 29 30 38 39 40 46 44 55 64 63 
45 3 0 4 2 4 4 1 6 1 4 8 4 8 1 1 11 5 2 11 10 11 0 8 10 7 12 3 12 8 7 8 14 12 7 2 11 7 11 13 8 16 14 3 17 2 1 4 5 5 9 9 2 7 12 12 17 6 10 13 10 10 15 8 10 3 1 13 0 15 16 7 4 13 18 2 12 9 4 21 6 3 5 12 3 12 13 7 5 3 20 8 0 7 4 12 7 3 8 18 14 15 15 15 16 1 7 18 16 13 15 19 8 7 13 13 9 5 7 27 10 4 11 14 12 13 35 6 13 14 9 14 7 12 20 9 14 14 13 12 13 15 14 25 29 14 28 17 14 22 15 41 13 27 16 29 23 20 36 33 52 45 53 29 57 40 34 57 50 68 
46 0 3 4 2 1 1 6 1 4 2 2 4 4 7 1 6 6 1 9 4 3 7 7 1 6 7 6 6 11 1 9 7 7 9 7 9 9 7 1 5 10 1 6 13 2 11 12 10 14 2 3 4 7 12 4 11 12 13 15 12 4 5 6 5 15 14 12 6 18 15 6 14 2 14 1 15 13 15 6 15 8 16 6 4 13 1 18 4 6 12 3 6 3 6 13 14 14 18 15 7 2 7 23 6 4 8 2 8 14 7 1 9 10 13 10 12 4 7 7 14 9 10 13 11 12 13 7 10 9 9 5 13 23 10 11 15 13 8 4 8 12 7 27 16 18 30 13 16 18 7 13 9 30 12 13 18 7 13 11 14 11 11 11 12 11 20 11 21 25 14 14 25 15 15 13 16 13 21 26 15 26 24 29 29 33 22 29 27 43 22 29 45 34 34 43 37 34 41 32 38 45 40 42 62 
47 0 0 4 0 3 0 2 3 1 6 0 3 8 3 8 1 6 10 7 5 8 10 9 4 8 8 10 7 3 13 12 3 4 12 0 12 13 14 5 10 8 11 15 14 6 13 14 6 13 12 12 3 3 6 6 9 3 12 3 15 1 14 13 12 10 13 10 10 7 15 9 14 13 13 11 13 12 14 2 11 25 15 20 14 5 5 5 11 8 15 0 1 14 9 6 8 14 30 8 12 12 5 2 7 10 6 13 10 6 4 7 22 21 26 19 31 13 13 11 6 13 6 18 17 3 8 26 20 3 15 12 6 24 5 7 12 6 6 10 14 14 10 13 15 7 14 11 16 22 15 35 7 8 15 8 15 21 13 13 11 19 15 12 14 23 13 14 27 16 13 21 14 15 15 16 31 23 24 28 35 31 34 41 36 35 36 38 36 66 
48 2 1 3 4 4 3 4 6 2 6 6 6 3 6 7 7 2 2 7 11 6 7 13 5 9 6 13 9 13 12 11 12 2 16 13 2 8 10 12 5 12 11 12 9 14 14 14 13 7 13 14 2 14 3 12 6 0 6 14 6 19 6 7 7 3 2 2 14 13 7 6 6 16 9 18 11 3 2 6 3 13 4 6 2 4 6 11 9 21 15 10 13 15 5 3 12 3 2 15 7 6 11 3 12 9 13 10 5 5 8 19 6 22 12 7 3 14 14 5 9 5 14 14 26 25 7 9 7 7 13 7 21 6 31 9 6 27 14 10 31 27 12 15 16 17 10 18 11 11 13 16 11 34 14 15 24 12 14 14 42 23 21 24 37 37 33 43 41 28 27 31 25 29 28 27 39 34 55 56 42 
49 2 3 2 4 6 6 7 5 6 8 10 3 7 8 6 11 5 10 3 4 2 13 13 15 10 13 5 5 9 13 2 12 6 17 5 13 3 14 7 14 7 12 0 6 7 5 8 5 12 12 12 12 13 3 11 6 5 12 3 6 5 13 10 13 6 7 3 5 14 7 2 14 0 1 1 5 12 22 4 12 12 17 2 8 5 6 13 4 6 29 12 4 6 4 9 14 4 5 6 3 15 23 13 6 8 7 22 8 34 12 7 17 23 16 8 10 8 13 15 10 8 14 18 17 10 13 14 14 13 11 10 12 13 34 28 12 13 20 14 19 17 17 20 27 28 23 28 22 20 30 24 24 25 31 37 43 57 
50 0 2 2 5 3 4 7 5 0 6 3 7 0 11 12 13 14 8 5 14 4 13 13 11 16 14 3 10 14 7 8 16 13 14 11 10 15 11 14 0 6 14 5 14 5 21 12 5 3 13 10 6 5 20 6 11 11 2 5 13 13 3 18 1 5 14 14 27 1 7 7 13 12 8 9 2 17 20 1 29 8 12 4 8 15 26 28 6 13 4 13 7 7 11 14 6 15 9 15 7 15 11 28 11 28 14 13 10 14 29 35 12 11 14 12 13 13 14 14 38 13 16 15 38 13 33 15 27 28 28 33 29 31 35 39 55 46 
51 4 2 7 3 4 1 3 9 7 4 9 13 14 0 12 13 13 9 4 4 4 4 13 8 4 0 0 15 7 14 7 6 7 1 13 19 14 10 8 14 19 9 13 13 13 1 7 14 26 9 13 6 13 26 6 2 14 19 7 6 27 13 8 20 13 2 2 13 13 13 5 13 10 6 10 32 28 13 19 11 24 35 10 8 20 13 20 13 15 11 17 14 16 35 32 28 35 33 
52 2 3 3 7 6 7 7 6 4 8 6 2 6 6 7 5 6 8 6 3 5 8 14 8 9 2 3 8 14 13 8 2 18 14 20 3 17 15 8 3 5 23 4 18 18 13 2 11 14 11 14 7 26 14 12 5 6 11 12 21 5 8 2 19 7 6 3 19 16 13 13 14 5 20 7 5 27 17 10 8 24 15 13 12 15 15 25 26 20 15 19 41 34 34 34 30 28 31 44 41 36 53 
53 1 2 3 5 4 3 8 9 4 6 6 11 12 7 7 9 5 12 0 5 15 15 6 3 10 14 3 14 13 2 14 8 18 12 13 15 13 6 23 4 5 2 9 13 0 6 16 23 12 6 27 6 14 7 14 7 14 14 6 14 13 18 27 6 13 34 27 27 9 9 17 11 32 12 13 12 22 11 13 13 42 28 32 37 23 27 34 30 33 38 67 
54 3 5 4 6 2 4 3 5 3 2 12 6 11 14 11 12 5 13 3 2 1 4 4 14 6 6 11 13 4 14 15 13 3 13 21 2 16 8 26 7 17 2 21 14 4 15 14 3 23 13 15 5 9 14 6 7 25 22 9 6 35 13 13 13 22 17 13 10 9 22 10 32 25 9 10 35 16 14 16 14 16 34 16 21 20 38 46 38 42 62 
55 0 4 8 2 7 2 0 9 3 5 4 6 8 12 11 9 14 3 9 6 1 8 2 14 10 11 20 7 19 6 12 11 0 9 9 12 1 13 13 19 5 13 11 13 3 11 6 7 7 3 14 9 12 24 22 23 6 6 4 13 11 7 9 28 13 20 13 28 14 20 14 12 15 20 21 27 17 18 29 25 25 32 37 33 41 42 40 90 98 
56 1 1 4 6 0 7 6 5 2 7 6 4 7 5 2 2 3 13 12 2 2 12 4 8 8 3 4 11 3 3 11 1 20 7 11 8 6 7 14 23 2 21 13 11 13 8 12 15 8 1 25 8 6 11 7 13 17 11 7 8 14 14 12 14 14 33 23 12 12 10 11 13 12 13 22 20 32 15 22 20 20 20 21 34 36 28 35 30 41 63 
57 4 5 8 5 1 7 4 4 6 11 6 15 10 4 12 6 15 7 5 13 7 15 6 4 13 13 6 1 7 14 8 12 12 16 13 11 2 25 8 26 13 13 6 14 5 10 3 24 13 15 9 5 14 6 11 15 4 15 3 12 31 12 6 27 14 8 12 8 15 14 13 7 10 8 11 26 13 13 14 23 37 23 24 31 22 21 22 25 64 
58 5 3 4 1 2 4 2 8 5 6 7 8 8 4 11 11 3 0 8 12 11 5 2 14 14 4 9 6 14 13 11 14 2 6 19 13 19 9 5 15 6 12 6 16 5 7 6 4 6 12 5 6 9 3 15 2 12 28 1 6 10 9 14 30 27 9 10 10 12 6 7 4 12 31 19 25 6 9 21 12 14 20 14 20 14 17 23 15 21 28 25 30 38 26 34 37 53 
59 7 5 4 9 4 5 10 8 10 10 5 3 1 3 11 14 10 14 5 2 13 3 8 15 13 5 5 14 16 15 4 16 13 7 4 3 13 1 24 11 1 14 18 8 28 14 5 20 17 6 19 6 6 17 7 12 7 14 8 8 22 9 9 10 11 14 13 14 12 26 13 13 35 14 15 15 15 19 23 29 24 42 33 44 54 
60 2 3 2 4 3 4 2 4 5 9 6 6 7 9 4 5 12 13 6 12 11 14 7 10 6 3 18 8 4 3 12 4 8 14 12 19 16 15 10 16 1 3 20 14 6 3 13 6 14 4 2 4 15 28 13 7 9 13 7 19 9 8 10 12 31 15 27 13 27 34 23 36 41 41 
61 0 2 3 4 0 6 5 12 14 6 6 6 13 0 6 14 3 8 14 19 1 16 20 10 11 11 4 17 5 26 14 4 6 9 17 26 15 12 20 16 17 28 22 19 26 28 35 27 32 34 37 37 58 
62 3 4 6 7 1 9 5 4 0 6 1 13 3 9 12 13 13 6 4 12 3 10 5 14 4 7 2 6 0 14 13 4 6 3 8 3 7 18 3 21 5 14 10 5 9 19 14 12 14 15 12 25 15 10 12 11 14 27 34 23 26 29 23 29 23 28 22 25 39 32 91 
63 3 7 7 5 12 5 14 6 14 4 0 14 3 13 21 6 11 13 1 21 1 14 16 13 13 13 22 25 3 8 9 5 13 12 13 17 32 25 30 17 17 47 52 48 
64 4 2 3 2 4 14 3 12 7 11 2 14 14 3 10 11 10 4 10 16 3 14 8 14 3 14 11 24 20 9 24 12 18 18 13 36 23 23 49 36 
65 9 11 2 6 5 4 5 14 9 1 4 17 4 7 3 14 3 2 7 21 13 7 10 9 13 14 13 26 35 18 13 15 36 20 34 
66 0 1 1 4 2 6 9 8 15 15 4 10 14 10 10 12 14 7 10 17 14 9 1 10 8 3 3 21 6 16 14 13 13 31 14 15 11 10 14 20 12 12 30 13 12 15 51 
67 1 1 8 10 14 14 12 5 11 11 7 11 3 1 9 6 13 13 4 2 17 4 15 14 12 23 10 14 10 14 11 13 34 11 7 14 10 28 12 27 29 32 
68 1 4 4 9 13 8 14 8 6 13 1 8 8 1 9 14 14 6 4 5 7 1 6 19 2 11 9 8 3 12 7 7 22 16 11 14 34 13 14 18 33 90 
69 0 7 6 8 4 2 13 14 12 7 7 7 4 13 7 2 13 9 18 22 15 14 8 13 0 3 12 11 9 12 6 14 15 5 9 15 14 22 41 23 34 23 25 42 39 41 
70 2 2 3 9 6 13 2 10 12 8 14 0 14 20 8 13 9 28 5 13 8 8 9 21 22 33 36 
71 3 5 10 8 13 9 1 2 7 9 1 13 23 5 6 4 15 3 1 10 17 1 
