0 1 5 7 11 6 12 14 3 5 12 6 13 10 27 16 17 
1 4 6 3 3 0 11 10 10 3 3 15 23 21 21 24 38 
2 1 1 13 8 9 11 12 2 6 7 1 25 10 14 8 8 9 12 44 44 
3 5 6 4 5 4 1 9 10 4 13 0 10 9 1 2 7 3 19 25 5 33 5 14 12 9 25 
4 2 10 8 6 9 17 12 14 12 8 13 2 3 9 14 2 14 5 11 1 25 11 12 12 20 27 46 
5 0 1 3 3 12 9 10 7 2 4 12 11 3 2 12 35 13 34 36 20 20 25 34 39 
6 0 13 2 2 14 6 0 8 8 0 12 9 4 3 14 27 27 19 
7 3 2 3 6 1 2 1 1 3 4 3 13 5 8 4 1 2 11 19 12 13 13 12 14 28 31 26 
8 8 9 4 11 14 12 5 5 10 2 1 6 11 11 11 28 15 17 24 
9 9 1 2 13 13 13 4 17 4 3 3 16 26 33 19 36 
10 1 11 4 13 6 7 2 4 2 17 1 12 11 23 4 11 17 23 21 11 
11 5 4 7 4 6 7 15 5 14 18 8 2 13 29 7 9 23 14 13 41 
12 3 5 10 3 4 10 13 9 10 2 8 5 7 12 14 12 13 28 60 
13 4 6 6 7 13 13 13 12 17 1 11 13 6 14 29 14 
14 4 11 9 12 15 2 13 16 13 5 14 6 14 13 
15 3 4 3 3 3 5 7 3 7 19 20 10 14 6 14 5 0 7 16 7 6 14 14 
16 5 10 12 14 14 17 20 13 13 13 4 40 14 13 14 29 
17 7 3 4 9 1 0 4 1 9 16 2 4 0 7 6 11 4 6 5 8 12 28 
18 7 0 3 2 12 1 3 9 6 17 2 12 14 12 1 5 14 0 7 7 15 1 5 14 8 2 4 14 13 14 6 8 13 13 13 13 17 12 14 13 27 14 21 
19 3 7 4 0 3 6 3 2 0 12 3 10 9 2 7 13 3 5 0 10 5 3 13 10 10 3 6 3 1 8 0 7 3 4 2 2 4 1 5 3 4 2 5 2 12 5 3 4 3 1 7 6 6 2 6 4 5 1 6 0 12 7 5 8 7 5 6 8 8 4 2 9 9 4 2 4 7 8 8 3 8 5 9 8 11 11 11 7 6 5 5 10 10 6 12 12 10 8 11 14 11 4 12 12 8 10 9 10 9 14 12 12 14 5 14 13 5 12 6 13 14 13 13 14 13 13 13 16 8 10 13 7 10 8 14 14 15 11 8 8 12 17 9 13 10 13 14 14 15 16 9 12 9 11 13 14 12 18 13 13 10 19 11 11 13 13 14 14 13 13 14 14 14 14 16 13 13 14 16 14 16 16 17 35 35 
20 2 0 3 0 1 3 5 0 5 4 3 0 3 8 8 4 4 7 3 1 6 10 0 6 8 7 0 7 9 5 3 6 7 1 0 7 13 0 3 14 5 10 9 9 13 13 12 8 13 5 11 5 12 11 0 7 6 14 14 13 17 14 6 8 14 13 12 2 0 2 11 0 14 3 0 6 14 13 14 11 8 8 14 6 6 15 8 7 6 8 10 0 9 0 8 15 14 10 13 12 0 7 14 8 4 13 10 11 14 13 11 14 14 4 4 7 11 14 12 13 7 5 6 0 13 6 9 12 14 14 7 13 3 12 7 6 7 15 3 11 13 12 6 5 10 12 -1 0 7 10 19 14 5 6 13 2 13 15 13 6 2 14 12 4 7 8 4 6 15 1 7 15 6 11 20 5 11 13 11 17 12 14 7 13 2 4 16 15 7 20 12 13 6 27 28 7 9 13 6 16 9 8 13 12 6 6 15 7 13 10 6 14 13 8 9 13 11 15 14 18 13 10 13 10 14 11 13 13 14 34 9 12 14 13 18 14 16 11 16 13 11 15 13 16 14 14 12 13 12 14 14 14 13 13 15 22 21 17 18 19 42 23 35 42 34 63 
21 0 0 4 5 4 4 2 5 5 5 9 0 7 6 7 6 4 7 11 2 2 9 0 12 8 0 7 2 7 13 7 4 13 14 14 3 11 6 1 8 4 0 10 16 3 10 1 13 0 1 9 8 12 16 11 1 7 11 13 3 8 8 15 0 14 13 14 8 7 13 13 9 3 7 17 15 5 11 4 8 7 14 9 13 4 6 6 6 9 8 2 0 2 7 4 0 10 9 3 14 0 13 0 2 9 15 4 14 6 7 14 5 7 10 0 7 15 10 14 11 7 15 3 9 5 13 7 15 18 4 4 9 2 6 12 14 14 10 9 3 13 13 8 8 14 14 14 11 9 13 13 12 6 5 11 1 14 3 11 3 12 0 14 4 2 11 0 13 5 13 2 7 28 3 10 16 17 6 13 9 2 24 4 12 3 14 7 13 7 10 5 14 12 14 3 7 9 11 17 10 11 16 8 7 7 11 7 8 4 11 9 16 11 20 6 23 15 6 12 11 9 17 10 9 12 15 9 13 7 10 15 12 14 13 27 7 12 13 13 13 13 9 12 12 12 17 10 13 14 36 14 19 12 15 12 15 21 14 17 14 29 16 20 36 28 33 
22 0 1 0 3 2 3 4 4 1 0 1 0 0 1 2 2 0 5 6 7 7 1 7 3 2 5 7 4 1 0 3 7 9 5 3 9 0 6 7 0 2 12 6 8 5 12 6 11 11 10 7 10 0 0 7 14 14 7 5 0 13 7 12 6 14 0 14 9 14 13 10 14 9 1 10 4 13 13 14 0 2 14 0 11 4 13 10 7 10 1 9 14 13 11 12 13 14 14 14 15 13 13 11 13 14 4 4 1 12 5 14 13 11 14 5 0 14 14 7 4 14 16 0 16 9 7 10 7 9 5 14 8 2 10 15 4 7 13 0 3 1 0 13 14 12 14 14 7 8 5 10 18 3 0 8 6 5 12 13 22 5 7 18 14 14 14 14 16 3 7 3 2 6 21 1 4 10 11 4 4 14 8 12 6 6 10 9 10 14 7 13 6 13 5 3 3 13 14 16 14 5 11 14 9 8 6 10 4 8 5 13 13 10 11 13 6 15 14 5 14 9 6 13 27 13 13 14 7 8 6 16 14 8 14 8 29 13 15 7 4 11 22 4 14 11 16 14 16 13 14 23 7 13 6 18 7 14 14 14 8 14 13 14 15 10 33 11 10 9 18 14 11 12 12 9 13 13 19 15 18 10 13 28 13 15 14 14 13 14 17 12 12 13 14 21 19 29 33 28 20 28 43 51 72 
23 2 2 3 4 3 2 3 0 1 3 1 0 0 3 9 7 6 4 7 7 6 6 6 6 7 3 11 7 8 0 8 12 11 10 11 10 5 9 2 14 2 14 12 11 10 13 14 0 14 14 14 0 12 9 4 11 2 8 9 8 13 13 4 7 9 13 6 0 16 13 14 11 0 3 0 14 13 12 9 8 14 5 10 10 13 14 14 10 2 9 8 8 6 14 14 14 13 7 0 5 12 14 9 19 14 4 2 19 6 5 0 11 10 3 14 4 13 17 10 5 14 17 15 9 13 3 14 14 0 13 12 3 16 3 6 16 3 7 16 2 16 14 14 17 14 3 11 13 10 1 5 14 11 10 8 5 6 7 19 11 13 2 14 25 21 14 1 14 3 1 11 14 13 16 0 14 11 15 3 0 12 15 13 4 4 5 12 2 4 5 16 16 15 9 5 3 12 4 13 15 12 7 5 15 17 3 5 7 4 8 15 8 9 11 5 14 16 15 7 17 11 12 12 23 12 11 29 12 13 13 12 10 14 14 9 14 10 10 13 12 12 10 11 12 13 12 12 13 16 12 12 14 12 17 12 14 13 16 25 15 21 14 14 15 29 28 16 17 21 27 32 43 50 57 
24 0 2 0 1 3 4 0 3 3 0 0 4 2 3 4 1 6 0 5 5 7 7 4 7 8 3 6 8 3 8 9 8 5 3 8 4 10 10 1 9 9 3 7 6 7 12 10 2 0 12 12 6 4 7 8 4 13 12 14 13 5 14 13 2 2 14 6 13 15 6 3 6 11 4 9 13 15 8 7 7 8 6 10 1 14 13 5 15 14 10 14 4 0 6 12 2 8 13 5 5 16 14 9 15 13 8 15 15 15 3 8 7 12 9 19 8 14 14 7 2 6 14 6 13 19 2 14 6 6 6 13 14 2 13 11 11 10 9 8 7 2 9 13 14 19 22 5 9 2 13 13 22 2 5 2 14 13 13 17 5 14 12 13 3 14 13 15 13 4 10 4 2 7 4 3 13 14 6 14 5 11 0 6 2 4 6 0 14 2 7 14 11 12 11 8 2 12 12 2 7 14 13 9 4 8 3 14 14 14 12 13 14 2 6 6 10 10 13 1 13 4 13 6 14 14 7 2 3 1 3 6 4 4 13 2 5 6 12 13 9 20 8 14 4 10 17 16 14 14 13 11 24 14 10 13 31 13 16 11 23 12 17 10 12 12 11 10 8 8 8 13 14 12 14 27 16 13 14 13 19 16 14 12 22 13 12 10 13 26 22 19 14 15 13 14 14 15 16 20 25 28 19 24 20 34 42 35 36 41 
25 0 3 4 4 1 0 2 2 3 3 5 4 0 7 3 4 0 2 4 6 4 6 3 9 9 2 3 4 6 7 5 6 8 7 7 3 6 9 6 11 11 14 14 13 14 14 14 13 14 14 13 14 14 15 11 1 2 3 1 7 14 6 15 13 14 15 7 13 7 5 3 16 14 14 15 13 14 14 14 13 8 8 4 7 18 0 6 8 12 15 12 13 13 1 9 13 0 1 11 14 6 1 13 14 5 10 13 20 10 8 13 6 2 13 1 12 10 13 14 2 3 9 11 13 12 18 8 12 12 13 6 5 3 11 5 0 22 4 3 13 6 15 11 15 14 17 13 12 14 13 20 4 13 10 14 3 4 3 17 4 15 13 12 20 0 9 12 14 17 24 -1 6 10 9 7 13 6 7 3 7 11 8 7 9 13 14 14 4 15 4 7 6 5 14 16 5 12 10 11 20 3 16 6 11 3 30 18 7 17 8 6 6 13 6 16 12 14 14 14 7 12 7 13 13 15 11 7 14 28 9 14 13 10 13 16 8 12 8 15 14 11 11 14 13 14 13 8 17 17 13 14 14 14 18 12 18 11 14 24 13 14 13 14 21 22 14 17 24 18 14 15 24 21 20 22 20 39 28 28 37 43 72 
26 3 3 3 2 2 1 1 3 3 4 4 1 2 5 6 0 6 6 3 7 4 2 5 9 5 7 7 10 7 7 3 6 6 8 10 12 8 12 8 8 9 13 0 6 1 6 14 3 11 5 6 10 7 4 11 12 1 8 6 13 11 14 11 13 13 0 7 7 2 16 11 13 14 4 13 16 0 4 5 1 14 15 13 8 12 14 10 17 16 14 14 0 13 7 6 9 12 13 14 6 1 4 13 13 12 14 14 6 0 8 5 18 6 16 3 6 19 7 7 9 14 7 14 8 7 3 8 13 23 1 4 21 14 14 6 12 11 13 10 16 5 13 15 2 13 19 11 2 3 4 13 5 12 14 13 13 3 24 13 8 3 7 9 14 5 15 7 13 3 7 11 3 1 9 9 10 16 12 17 3 13 14 3 8 7 5 9 3 5 10 14 14 2 7 6 7 11 15 7 15 13 30 3 7 26 16 6 21 5 11 3 17 8 6 16 8 6 16 13 13 20 15 8 13 14 13 4 7 13 6 14 7 11 16 20 9 13 20 13 15 7 12 13 14 25 14 9 27 27 13 9 17 19 13 13 15 14 14 12 12 14 39 15 24 13 29 29 13 14 14 14 19 13 16 20 18 17 17 20 27 26 34 35 41 43 47 48 53 99 
27 2 1 3 2 5 2 7 5 7 2 5 2 0 0 4 7 2 7 5 7 6 3 10 6 5 1 8 9 2 3 9 4 9 9 12 8 14 14 7 10 11 13 12 14 3 13 2 2 2 10 14 9 2 9 13 11 16 16 14 1 8 14 11 7 11 14 11 13 9 13 6 5 13 3 9 12 6 13 11 19 13 5 2 5 15 5 14 7 0 15 14 10 11 11 13 13 9 2 12 3 12 14 13 7 14 3 7 14 11 18 6 11 3 13 9 6 13 8 4 6 4 7 8 10 3 3 2 16 14 13 26 1 19 4 10 13 24 17 28 6 10 9 9 28 7 9 14 14 13 9 11 17 18 5 12 10 12 20 11 10 13 6 5 10 11 26 10 12 7 13 8 11 14 14 11 14 19 23 12 10 18 29 11 16 22 16 34 13 14 24 12 11 28 25 13 20 28 20 15 18 29 28 16 22 16 18 35 27 44 23 25 29 36 33 27 34 30 42 49 38 35 43 40 34 40 42 37 36 41 38 41 92 
28 0 1 1 1 1 1 2 5 5 6 1 5 7 7 0 1 2 1 3 2 2 4 5 0 6 5 5 3 8 2 12 3 2 7 11 5 10 13 11 10 14 1 11 11 4 0 6 1 11 6 13 17 13 6 14 5 14 5 12 10 8 12 2 15 8 5 5 9 20 12 21 15 13 15 3 6 13 2 6 18 13 11 8 10 15 1 3 3 12 13 13 6 16 13 13 22 4 10 13 7 10 12 8 19 26 22 17 12 5 5 12 24 21 6 7 21 7 7 27 2 13 5 14 18 11 20 14 23 13 7 2 6 13 13 6 5 5 11 3 10 13 13 6 5 4 13 7 5 20 5 12 19 18 27 4 8 23 12 4 34 17 7 6 8 9 14 8 8 8 25 12 11 19 9 13 14 26 26 22 30 18 14 36 40 24 28 36 29 39 27 28 29 35 32 40 29 32 29 36 42 34 36 40 45 37 43 41 52 56 63 
29 0 0 0 1 3 7 6 5 3 5 4 4 5 2 3 9 4 5 5 7 7 5 7 7 10 3 8 12 3 10 6 10 2 14 12 1 13 12 7 3 3 6 11 14 13 3 4 5 5 3 3 8 4 4 5 5 2 2 6 8 10 13 2 4 1 9 5 6 3 3 15 6 6 0 13 13 7 7 7 1 13 14 16 11 11 8 14 4 0 20 9 3 3 9 10 10 6 6 6 9 6 0 13 7 2 11 10 12 17 9 12 3 7 17 12 3 21 13 2 15 1 14 14 6 12 13 13 13 2 9 11 13 12 8 13 12 24 2 1 14 25 13 4 8 9 8 14 2 4 12 18 17 15 4 24 24 7 12 13 14 6 20 1 5 18 4 14 27 7 11 9 29 4 2 7 12 28 6 19 6 12 17 10 14 5 8 20 7 9 5 12 12 9 8 7 7 14 6 10 13 15 24 27 27 25 36 26 13 27 14 12 13 17 19 16 17 29 26 40 27 24 24 38 26 28 36 31 29 36 41 40 40 40 43 
30 0 1 2 2 4 0 5 2 6 0 3 6 0 6 2 9 2 7 8 8 12 12 13 6 3 12 6 13 9 7 2 11 13 5 7 1 13 5 2 3 14 5 15 7 10 7 17 4 15 7 3 2 13 14 6 1 10 9 6 7 5 14 11 19 14 4 5 20 6 13 2 3 13 3 13 20 7 6 5 4 16 6 14 8 5 17 14 7 14 7 14 13 22 6 23 23 23 13 4 20 8 5 2 7 2 9 3 13 11 13 2 2 10 15 7 7 3 0 3 7 2 4 27 28 8 11 13 7 5 6 13 5 12 4 7 3 10 14 2 5 28 5 6 6 10 8 3 5 12 14 6 14 5 6 11 6 10 7 8 10 12 10 34 7 12 12 8 10 14 11 31 7 13 10 12 12 7 10 12 8 19 13 13 28 10 23 12 12 13 11 14 37 12 13 27 13 12 14 23 18 13 22 31 26 14 16 17 15 18 21 19 24 17 30 42 31 24 36 37 36 23 27 25 27 36 40 34 39 37 36 36 45 
31 0 0 1 2 1 3 6 2 5 3 0 2 7 1 7 6 6 2 1 5 7 4 2 7 10 2 6 7 12 9 10 4 3 1 13 9 5 5 8 8 6 6 13 11 17 6 6 8 7 11 12 7 8 13 16 12 10 7 6 13 4 13 2 7 2 2 7 10 22 6 9 5 21 9 7 3 17 13 2 11 4 14 7 2 15 9 3 12 6 13 0 4 8 0 2 1 13 10 7 6 16 21 13 4 4 13 1 12 13 8 13 13 16 14 14 6 2 8 5 17 11 8 4 14 17 13 2 29 9 8 4 27 3 8 14 8 19 13 31 6 6 13 6 17 21 8 13 23 8 13 10 12 13 17 14 14 9 12 20 15 13 34 21 18 14 17 13 16 42 37 27 28 39 28 21 19 28 19 36 25 37 30 33 38 35 57 
32 0 0 3 1 4 6 4 4 2 4 8 6 3 0 8 7 3 7 9 4 2 12 6 8 0 14 12 4 8 14 5 11 9 12 6 8 2 2 11 7 2 1 11 7 5 14 11 1 6 12 3 0 11 7 4 16 11 11 2 0 9 5 1 18 2 10 11 4 12 3 19 12 2 13 8 7 7 6 2 2 1 4 14 20 1 3 13 5 7 4 13 0 13 7 14 13 14 0 3 7 4 14 5 10 17 12 4 15 17 11 14 14 10 27 1 27 7 8 11 12 8 6 23 30 17 9 28 20 8 6 11 14 28 10 5 18 11 9 13 5 8 20 14 12 9 27 13 10 14 37 17 13 13 13 13 24 28 13 18 27 40 41 17 22 16 15 24 24 40 38 42 22 36 47 35 34 32 48 40 40 70 60 90 
33 0 3 3 3 1 1 1 1 5 7 6 6 6 5 10 5 6 2 4 4 9 4 2 6 6 10 8 4 8 12 14 11 0 13 12 6 4 8 1 11 12 11 13 7 2 13 1 14 7 4 3 19 1 7 5 12 10 0 9 11 20 10 13 14 9 4 12 14 17 14 11 15 11 4 13 11 8 11 7 14 12 22 7 14 13 9 2 2 6 8 6 13 4 6 4 3 2 6 4 14 10 8 14 15 5 4 12 10 30 11 10 6 7 21 20 14 7 10 11 8 9 9 34 21 7 26 13 14 13 14 11 11 10 11 13 27 28 12 14 14 21 14 13 37 18 36 14 17 31 35 13 29 40 21 39 40 21 26 20 32 34 28 22 22 35 22 34 44 28 27 28 40 45 41 41 76 98 
34 4 2 7 3 8 4 5 8 8 5 4 12 9 5 6 13 2 10 14 14 12 5 7 13 12 11 16 11 14 7 12 14 2 6 5 2 8 14 16 7 14 5 7 8 9 1 3 2 7 10 3 4 11 2 4 7 9 7 11 3 8 13 20 6 3 14 13 12 24 14 3 9 11 12 6 7 7 15 6 12 11 1 11 11 2 30 15 14 12 3 6 15 7 13 15 19 12 13 31 7 11 7 19 16 23 31 9 13 9 4 17 4 16 28 6 21 16 16 17 9 24 7 18 37 14 14 18 23 17 11 14 16 40 36 20 41 25 19 15 20 22 25 27 32 44 39 41 47 
35 2 1 1 4 1 3 2 2 6 6 3 6 6 4 3 10 7 3 5 5 7 7 3 4 1 6 5 7 11 7 3 11 13 12 6 11 6 4 12 6 14 11 12 1 10 5 10 14 9 3 12 10 6 8 11 5 4 2 14 19 4 21 16 17 13 1 15 13 15 11 12 16 15 7 13 14 20 7 24 13 13 18 5 8 10 6 7 7 7 13 7 11 14 12 10 8 18 8 26 17 25 7 26 7 2 28 2 13 13 5 10 3 4 6 6 7 14 32 22 18 24 6 23 16 5 6 14 13 6 24 15 7 35 22 8 9 9 31 16 7 7 38 23 19 9 13 9 22 10 12 13 13 13 13 21 13 13 17 22 18 18 28 42 17 40 43 46 43 23 24 34 34 35 39 44 
36 0 3 2 3 2 6 5 3 6 4 5 4 2 3 7 4 7 3 6 2 10 0 0 9 5 5 3 11 13 7 1 13 9 13 8 6 0 7 5 12 7 7 6 2 11 4 10 7 4 9 14 13 6 13 10 19 16 2 5 7 5 2 2 6 6 12 9 5 11 6 10 2 13 12 3 14 2 4 3 13 11 23 3 7 1 8 18 6 14 14 2 13 16 10 5 20 13 14 10 6 28 15 8 14 12 28 3 10 23 13 4 5 9 4 5 20 23 13 13 32 6 27 6 23 14 11 13 7 7 28 27 15 11 8 8 13 12 14 25 9 25 13 17 26 18 13 13 14 27 34 21 15 28 18 37 42 35 20 41 25 25 27 38 82 
37 1 2 2 4 5 5 2 6 3 4 5 7 0 4 7 1 8 7 11 10 7 1 10 2 3 5 12 13 12 8 4 9 9 11 11 15 1 2 6 14 9 16 13 13 8 1 14 4 7 13 8 5 0 10 8 2 14 13 13 14 13 12 14 22 1 13 1 19 14 19 13 14 5 1 13 18 24 6 16 11 3 3 5 0 9 2 6 18 16 8 3 3 14 6 26 13 17 12 13 13 4 13 14 6 6 8 28 12 7 8 11 28 12 14 19 9 16 18 24 12 18 34 14 12 12 23 27 16 21 27 35 14 24 16 26 36 22 21 25 24 33 33 27 34 40 38 56 37 39 59 84 
38 0 2 2 2 1 2 2 5 5 3 1 5 5 8 7 4 0 7 10 2 7 6 11 12 13 7 3 6 11 5 13 5 5 4 12 14 1 19 4 4 9 13 8 4 6 13 4 3 6 4 16 20 14 0 16 6 3 6 15 6 3 14 5 14 5 5 15 2 6 14 13 13 20 5 7 11 14 4 10 13 16 9 6 23 13 7 19 14 5 5 9 19 8 10 7 13 33 12 13 13 13 13 17 24 29 28 25 25 25 38 28 30 63 192 
39 0 3 6 4 4 4 7 7 9 7 3 13 3 2 3 10 14 6 14 15 2 16 7 12 14 9 9 4 10 9 10 5 10 11 13 9 11 9 13 13 2 22 14 12 13 3 7 14 6 14 13 17 0 3 15 11 20 7 7 10 8 20 9 18 13 13 7 8 2 2 15 8 6 23 18 14 8 14 14 13 5 6 6 6 12 24 13 20 13 15 14 14 13 13 11 13 13 20 12 27 28 13 19 19 14 37 42 26 34 42 32 31 36 31 58 42 64 
40 1 3 5 4 6 5 6 6 1 11 3 2 3 13 3 10 9 2 14 9 4 6 1 9 6 7 14 14 5 13 5 21 14 9 2 12 7 1 1 1 9 14 6 14 24 14 14 13 5 13 11 2 7 19 7 10 2 3 1 13 17 20 8 11 10 14 1 13 9 3 3 6 12 14 11 10 15 18 8 20 13 8 13 13 30 7 14 6 9 28 12 17 17 15 12 19 10 14 13 13 23 12 42 14 19 19 44 30 39 52 88 125 
41 1 0 2 1 4 6 3 4 4 5 4 4 8 2 1 7 2 2 10 5 11 2 9 10 13 8 12 5 12 3 9 6 8 4 6 6 4 7 0 16 13 7 5 1 7 11 7 2 12 11 5 0 7 5 4 13 13 16 10 7 24 11 12 8 15 6 11 10 10 7 8 10 2 7 6 14 11 2 8 18 22 11 15 13 4 7 28 26 11 8 6 14 14 12 15 12 17 22 10 28 13 17 15 13 25 14 24 14 32 15 27 14 16 21 25 29 35 23 30 27 41 43 42 
42 3 3 3 5 5 4 3 8 5 6 8 7 7 6 13 9 14 9 11 4 2 11 12 6 14 4 14 3 0 2 16 10 10 7 3 18 2 3 4 11 1 13 5 1 0 5 3 13 7 5 8 6 10 10 10 14 13 2 28 1 6 5 15 20 4 14 13 13 4 9 29 5 22 6 22 22 19 7 14 7 7 15 15 10 16 11 13 31 13 14 29 15 14 40 30 32 43 41 33 42 33 28 41 42 44 
43 1 3 4 2 5 5 7 3 5 5 4 4 2 3 4 6 7 7 13 7 2 5 2 12 4 16 14 14 13 13 6 13 12 0 3 6 2 3 18 13 4 13 16 13 13 10 8 6 7 12 7 10 9 17 5 13 13 10 13 7 4 12 3 20 14 7 31 13 15 10 14 5 16 6 6 27 14 6 7 19 24 27 10 10 12 19 13 13 24 15 30 39 36 35 36 34 
44 2 2 2 3 1 1 2 5 4 7 2 6 2 3 4 7 6 1 8 9 2 8 1 1 13 13 3 2 2 2 8 12 11 9 8 4 6 9 14 4 4 6 2 11 9 10 6 2 8 14 13 9 6 6 6 13 21 4 12 12 10 16 4 13 6 6 13 9 8 15 6 21 6 5 12 13 25 11 9 6 11 12 13 8 12 11 11 7 13 15 9 10 10 15 23 11 15 34 26 34 13 27 30 18 20 42 33 41 
45 0 1 2 3 6 6 7 5 5 6 3 8 8 5 10 7 6 11 14 9 8 5 5 5 6 12 2 12 10 4 8 20 16 5 5 12 7 4 2 17 10 3 18 13 7 14 15 13 4 12 7 3 2 4 10 6 14 25 8 13 22 13 6 31 4 12 11 12 14 11 13 7 31 10 24 28 10 10 12 30 14 18 29 29 31 42 
46 1 4 5 2 0 0 0 4 8 1 7 12 7 1 6 13 14 5 10 0 12 4 6 7 5 5 0 13 2 12 11 11 7 13 17 14 3 11 5 1 11 12 8 15 7 8 16 6 4 1 2 11 11 5 5 7 10 29 12 13 7 11 14 11 9 19 14 13 21 14 15 14 14 28 31 20 26 40 40 26 26 36 49 
47 4 0 4 1 2 8 2 7 9 4 11 12 12 15 3 12 8 13 3 4 18 14 9 3 4 15 15 15 24 16 9 6 2 13 22 13 7 10 10 6 3 13 12 4 4 16 7 17 14 28 10 15 15 12 7 31 29 13 13 29 12 15 41 41 14 13 29 42 38 31 33 35 35 
48 4 4 1 6 5 2 9 9 9 10 10 7 13 11 13 5 8 4 13 7 9 6 19 1 5 13 12 11 5 12 14 16 9 12 2 18 6 8 28 15 9 25 18 2 3 13 1 3 20 3 11 15 4 14 13 13 16 7 10 36 28 24 25 26 31 31 33 42 
49 2 3 3 4 4 8 2 0 1 2 10 4 12 8 15 13 4 0 1 6 1 1 5 7 2 7 9 14 4 9 1 5 14 21 0 4 7 12 14 14 13 4 8 4 7 8 11 14 2 13 12 16 11 5 12 9 26 12 22 13 12 15 12 24 29 26 29 29 56 
50 2 3 0 3 2 6 3 7 6 4 2 4 12 12 9 7 14 14 7 2 6 12 13 8 9 13 13 1 11 4 7 15 13 12 14 10 16 20 7 3 3 12 3 12 11 6 10 3 10 1 5 5 14 20 20 3 4 4 4 10 26 13 5 13 13 13 6 11 10 29 24 8 13 13 16 12 23 13 12 24 18 29 27 25 27 39 29 35 
51 3 2 6 5 2 0 5 2 6 4 7 12 14 6 12 19 13 6 0 5 16 10 5 13 0 5 5 13 7 5 24 4 12 3 2 15 13 7 28 6 7 10 13 8 9 13 12 11 35 17 12 40 40 15 13 15 40 42 42 
52 0 1 7 8 2 10 9 11 10 8 6 2 6 2 3 5 14 6 3 7 11 10 6 2 2 1 3 14 5 11 3 9 13 14 8 11 25 24 24 11 20 8 14 11 16 35 33 
53 6 2 3 8 8 10 11 9 14 7 1 13 13 4 9 12 7 2 13 13 2 15 2 2 11 10 7 7 9 10 13 3 12 17 6 1 2 7 7 5 7 7 13 14 14 8 8 10 12 9 10 12 12 11 36 23 27 14 25 36 29 
54 4 7 6 6 9 15 4 7 10 10 12 7 10 8 2 14 19 7 11 14 3 4 7 1 8 6 4 17 1 13 14 34 13 12 15 21 9 25 26 13 13 32 28 48 21 41 34 
55 7 7 9 4 8 14 14 12 4 6 5 2 2 13 6 7 6 10 12 9 9 2 3 2 14 15 21 3 8 12 6 11 5 12 3 14 17 7 11 24 25 7 27 17 14 12 17 42 17 41 35 41 62 63 
56 1 3 7 1 5 6 8 14 8 12 0 5 2 12 8 6 13 0 5 7 12 2 3 8 6 14 13 14 10 16 13 7 7 9 11 11 11 26 19 23 34 28 
57 0 0 4 3 10 8 8 7 13 2 12 0 6 17 1 13 0 10 15 7 11 18 8 8 3 13 3 15 1 11 9 6 0 10 13 8 4 12 10 6 3 8 12 13 11 13 13 24 36 
58 3 4 3 6 2 8 7 3 12 6 6 1 8 13 4 11 11 12 7 7 14 9 12 0 10 5 7 29 3 29 13 13 10 18 14 9 8 19 14 13 13 34 
59 1 4 5 2 10 4 7 7 18 11 9 2 2 2 10 13 13 1 6 11 7 3 14 18 8 23 25 19 8 17 12 8 20 13 6 12 27 20 39 17 18 24 41 
60 0 3 2 5 7 4 2 7 4 7 3 11 3 11 10 5 3 5 14 14 26 12 9 5 8 18 12 13 11 27 19 27 13 24 39 
61 4 1 6 20 1 13 2 0 12 15 7 15 2 5 7 13 19 5 7 27 9 13 11 19 19 32 27 50 
62 4 3 7 2 13 0 13 13 6 13 6 6 12 4 4 8 3 16 11 1 1 19 10 8 13 27 24 12 14 40 24 168 
63 3 8 5 3 7 9 3 14 9 15 10 6 9 0 2 13 6 10 10 14 4 6 8 28 14 23 14 15 30 
64 2 1 6 14 3 8 10 7 23 3 14 6 2 13 1 14 8 9 13 28 26 
65 2 10 4 0 5 6 14 0 8 6 2 11 4 5 5 29 21 4 5 29 7 34 
66 13 15 2 13 12 13 11 9 13 9 13 20 30 14 4 3 12 32 17 
67 1 4 2 2 5 1 6 9 4 1 7 5 19 1 12 4 9 14 6 9 11 32 
68 5 9 1 0 6 8 0 2 8 5 10 4 2 2 0 6 6 11 3 4 1 8 13 10 10 4 7 29 28 24 
69 1 6 5 7 10 2 6 15 2 1 13 13 3 18 9 25 5 0 16 13 5 9 11 21 21 27 
70 2 4 13 6 5 6 5 2 4 14 4 15 7 20 7 15 28 16 
71 5 14 14 11 13 14 6 16 13 10 7 9 9 
