0 
1 
2 
3 
4 
5 
6 
7 
8 
9 
10 
11 
12 
13 
14 
15 6 5 9 14 15 
16 0 1 2 2 2 2 3 3 4 3 2 4 2 4 4 3 3 1 4 2 5 3 2 3 5 2 4 4 2 5 5 5 6 5 6 6 7 3 6 1 4 5 7 7 6 3 8 7 6 8 6 3 8 6 6 6 9 9 7 3 9 7 9 7 7 6 5 9 10 10 10 10 7 11 11 11 9 4 5 9 10 9 12 12 10 10 6 11 10 9 4 10 4 5 7 13 12 9 10 4 14 6 12 13 13 13 9 3 14 2 4 12 12 12 13 14 14 8 14 13 14 14 6 13 14 3 14 14 12 9 12 12 11 13 9 7 2 13 7 7 15 12 10 11 14 14 15 2 10 14 9 8 6 14 9 11 10 7 13 3 14 6 9 13 12 5 1 0 1 13 11 3 1 13 0 12 14 14 7 3 13 10 3 2 14 14 14 12 2 8 14 0 4 13 17 14 14 14 12 13 5 14 6 14 2 3 4 13 1 14 7 5 9 13 10 11 6 7 7 6 14 21 2 13 8 5 8 3 6 13 6 4 18 6 7 6 3 14 7 7 12 7 14 1 10 2 15 12 23 14 7 13 8 17 9 11 8 5 4 4 13 5 3 13 8 12 14 7 9 10 6 6 8 15 8 5 14 8 14 12 6 7 9 8 6 7 12 13 6 11 4 9 6 0 10 2 17 14 7 6 6 13 16 7 14 12 13 18 13 7 3 13 3 4 3 6 10 10 14 10 1 13 8 12 10 10 4 2 11 13 9 11 3 5 13 14 4 10 14 6 3 13 10 9 13 7 13 13 6 13 6 5 6 10 13 12 12 15 10 8 13 8 8 8 5 13 24 35 12 7 13 15 14 12 7 14 13 14 8 21 14 12 15 14 11 15 15 17 12 13 15 12 16 14 12 13 10 19 13 14 13 13 13 14 13 16 15 13 13 15 13 14 14 14 30 21 35 
17 0 1 1 0 0 0 1 2 7 2 3 8 0 8 7 9 5 4 3 9 7 4 7 0 2 10 0 6 7 5 7 4 6 7 7 10 2 10 6 7 6 3 8 9 6 11 6 4 13 1 6 13 13 12 6 10 11 10 14 14 8 7 6 14 4 13 14 14 9 10 13 6 5 7 3 2 5 9 8 6 12 10 12 9 14 1 13 8 10 12 13 13 6 13 0 14 15 0 6 8 6 16 13 7 6 13 13 4 3 5 10 4 10 10 13 2 9 9 6 1 7 3 14 14 6 0 13 10 4 2 6 5 7 7 3 7 14 14 8 14 8 4 15 15 15 12 13 14 4 5 13 5 5 5 13 2 1 18 5 10 13 4 6 12 11 14 13 15 13 10 4 9 14 5 11 9 13 5 0 14 13 2 14 12 14 2 14 13 6 13 10 18 7 12 7 6 7 7 11 1 11 15 0 13 13 1 13 13 14 4 3 5 7 2 4 13 11 13 13 6 8 24 12 14 3 11 13 14 4 6 3 7 10 6 11 14 13 13 6 14 13 13 13 17 4 7 14 29 7 6 7 11 9 28 6 12 13 11 9 16 13 13 14 8 8 9 9 14 13 7 11 15 8 26 9 18 12 12 8 13 13 10 29 11 14 13 13 13 12 14 14 10 14 14 29 27 13 20 34 23 41 27 29 31 55 62 
18 1 1 1 0 1 1 3 2 3 3 0 4 4 4 2 3 7 7 5 6 6 7 4 0 1 8 1 4 3 9 8 4 8 3 8 2 5 4 6 8 11 5 4 3 7 4 12 11 11 6 14 9 11 6 9 13 13 4 7 6 5 12 9 13 11 5 14 11 13 9 10 6 5 14 12 2 14 10 12 3 6 10 7 1 4 5 11 11 0 12 0 14 6 14 14 3 13 7 13 2 10 6 0 14 12 14 2 10 3 11 5 13 7 13 0 8 5 11 7 13 10 14 14 0 3 5 4 5 11 8 0 14 12 6 6 8 6 16 9 11 8 13 14 12 14 13 13 2 14 0 12 14 4 9 6 13 10 9 6 8 7 9 7 5 11 5 7 14 7 6 21 18 1 9 6 2 8 0 8 6 12 11 10 2 9 17 14 0 9 14 3 0 12 15 1 11 3 13 13 13 9 3 7 14 5 6 15 0 5 24 0 14 14 13 8 9 7 23 13 1 2 11 14 14 14 11 9 5 1 17 14 13 15 6 4 23 4 12 10 13 9 17 7 6 13 14 10 18 12 8 5 9 5 9 16 13 13 6 7 12 6 13 13 13 13 10 7 5 13 6 6 14 14 15 14 9 15 8 11 6 20 14 14 36 13 14 10 14 13 14 11 12 15 12 8 13 13 13 14 10 11 11 11 10 29 15 34 11 14 11 13 17 11 13 12 12 13 13 15 14 22 17 32 34 
19 0 2 0 4 0 4 4 0 2 2 0 3 3 0 3 5 3 1 7 1 6 8 4 2 7 9 3 7 3 9 10 6 11 5 7 4 4 5 11 12 3 7 4 4 12 11 6 10 13 6 0 6 13 4 13 7 13 10 6 10 7 7 15 4 7 13 1 6 13 13 14 0 14 13 3 13 13 9 10 6 3 8 11 1 11 6 12 5 8 4 12 2 14 0 9 1 7 9 7 8 14 13 0 10 9 12 11 10 1 7 8 5 14 7 8 13 13 6 14 13 9 14 19 14 12 10 9 13 17 14 7 6 14 3 10 6 7 0 9 0 3 11 0 9 7 17 12 14 3 10 14 2 11 8 6 3 10 1 12 12 10 13 14 13 5 13 14 1 15 11 13 10 13 11 5 16 7 8 7 3 7 14 7 5 12 0 8 8 10 13 13 13 15 11 8 0 8 23 3 7 4 5 13 5 14 9 11 7 13 12 6 13 9 13 12 3 4 7 4 2 6 12 7 11 12 14 5 14 13 12 7 10 12 11 3 6 4 6 5 4 15 13 13 20 7 10 16 8 4 8 13 8 13 12 9 30 15 14 18 18 8 14 18 13 11 7 13 12 6 12 14 11 11 13 15 11 10 14 28 9 10 13 14 14 14 10 14 11 9 13 10 12 15 14 13 16 14 15 15 15 14 19 13 15 15 12 13 13 16 14 14 20 34 21 29 16 16 34 24 31 39 55 76 
20 2 2 3 0 0 2 0 6 2 4 4 7 7 3 3 5 2 6 4 3 6 3 7 2 6 1 6 6 2 6 4 1 11 3 7 1 0 7 7 4 14 6 6 14 10 11 14 11 0 4 4 6 13 2 13 6 11 12 13 11 10 6 13 8 12 1 14 7 9 14 10 2 5 12 6 11 12 14 7 1 9 2 5 15 3 4 5 4 14 14 2 7 4 4 7 7 12 16 13 16 14 2 11 11 10 3 15 12 11 10 7 18 14 13 15 14 12 14 14 14 3 14 9 10 5 13 7 6 8 13 8 10 14 10 14 6 3 8 13 14 6 12 9 5 2 13 7 8 17 7 14 4 13 21 9 12 14 14 13 15 6 5 13 12 7 8 9 5 12 18 13 12 14 6 26 13 11 15 21 9 12 9 6 7 7 4 15 15 2 3 7 13 4 21 14 10 3 3 17 15 13 7 12 2 7 13 7 15 9 15 5 3 12 9 14 16 6 7 3 17 13 9 13 13 12 7 8 11 8 14 14 7 11 14 7 12 12 14 13 10 14 13 14 8 12 7 9 8 15 24 9 14 8 14 21 13 15 13 11 11 10 13 13 15 13 14 14 15 14 19 13 14 15 19 40 23 16 24 27 28 37 31 27 25 42 57 66 
21 0 0 3 1 2 0 3 0 4 4 0 7 0 4 4 0 5 0 6 5 9 6 10 5 1 2 9 5 4 6 9 5 6 8 5 8 5 9 7 13 10 6 2 0 13 5 11 7 7 14 7 14 14 3 9 6 5 7 14 8 8 4 14 6 14 14 13 10 14 5 11 6 5 13 13 13 9 13 2 14 4 0 0 14 15 14 13 13 14 8 13 7 12 17 14 13 14 9 2 12 8 7 1 16 12 3 4 4 4 4 18 17 14 14 1 14 13 7 6 10 5 0 12 9 3 15 13 7 8 14 0 13 12 16 14 10 12 1 18 6 10 13 13 10 2 14 14 6 4 7 20 14 12 8 3 10 15 9 16 16 14 4 13 7 7 10 14 14 6 4 25 17 10 4 2 15 15 12 12 5 13 6 13 2 6 15 14 13 7 2 13 2 12 3 19 15 6 9 1 11 2 9 7 10 15 28 1 13 10 6 11 2 7 7 7 6 12 7 5 4 11 16 10 13 8 6 4 4 32 13 13 14 6 16 15 14 9 10 16 9 17 9 12 15 13 9 13 13 13 21 11 14 21 14 8 13 14 11 15 15 14 8 15 8 13 14 13 14 11 19 13 9 13 29 11 21 11 14 15 15 13 21 14 15 14 14 12 17 14 14 19 13 14 15 17 19 27 27 33 37 
22 0 0 1 2 3 0 4 1 0 4 1 2 6 2 6 7 8 3 5 6 9 3 6 4 9 8 9 7 8 4 7 0 8 5 11 4 10 1 10 6 4 0 5 14 8 11 6 7 13 13 2 9 14 14 3 14 2 0 13 15 0 8 10 6 11 2 15 12 8 14 0 16 1 13 10 12 14 5 16 13 14 13 6 4 14 5 4 11 0 6 5 14 12 10 9 9 7 15 8 6 4 5 6 12 8 1 8 14 5 0 12 13 8 12 9 9 12 2 16 3 13 13 4 3 3 16 1 7 9 8 13 1 5 7 11 14 7 9 3 8 4 3 0 14 12 11 16 15 7 5 11 16 19 6 9 4 10 3 12 13 3 5 17 14 1 5 2 5 16 10 17 7 8 12 1 4 9 8 3 15 7 10 15 8 5 5 4 8 12 6 5 27 10 12 14 2 13 1 5 13 7 7 10 5 15 15 3 21 12 4 6 20 14 10 16 13 14 13 13 8 6 14 12 15 4 29 11 12 8 14 14 11 15 24 16 8 20 6 15 12 24 10 14 14 27 11 8 20 11 30 14 12 26 14 12 9 15 13 13 15 21 13 13 22 13 28 34 12 19 36 20 14 13 29 14 13 28 28 25 38 28 31 39 27 27 32 21 24 27 29 31 34 21 28 27 27 29 43 29 41 37 36 37 41 54 64 
23 2 2 0 3 1 3 6 4 6 6 1 5 2 6 4 1 6 6 2 8 6 6 5 6 5 2 11 3 10 6 2 4 7 2 11 1 1 1 6 11 5 6 4 2 1 7 14 10 6 1 6 3 1 7 1 3 9 2 7 2 5 13 12 14 4 10 7 3 8 14 6 4 4 6 4 2 9 5 7 8 3 14 7 4 2 7 10 2 5 8 8 0 9 4 7 12 4 6 4 12 13 18 18 15 12 4 6 11 12 7 9 7 13 2 12 4 2 11 10 13 13 23 3 14 6 9 3 13 9 13 9 13 5 14 16 12 13 13 10 11 2 13 0 4 11 7 14 14 13 14 5 14 12 11 5 15 12 9 7 8 17 11 2 14 4 11 14 14 1 19 8 7 -1 20 25 15 21 15 29 3 14 4 11 9 2 9 2 18 19 5 2 14 10 3 8 11 20 13 22 6 4 11 14 14 16 17 15 8 4 4 8 13 10 7 11 6 16 7 22 20 13 13 16 12 8 14 13 14 11 11 12 10 14 30 13 13 20 29 15 29 16 29 32 20 25 38 30 31 27 27 28 27 28 28 28 34 27 34 34 38 44 46 35 49 36 36 62 42 
24 0 0 1 2 3 2 3 2 6 1 5 1 6 3 5 4 8 7 1 6 9 9 7 9 10 4 2 1 3 8 2 9 9 10 11 11 11 2 0 4 9 2 4 6 7 7 4 3 5 10 3 4 2 0 6 13 15 14 7 7 5 14 8 8 10 14 7 7 6 11 8 9 6 15 11 11 8 11 10 15 10 13 8 0 10 9 11 13 11 10 4 4 13 10 5 8 6 13 14 11 14 3 3 7 3 13 13 6 0 6 2 7 13 14 13 12 8 7 14 14 13 2 14 7 8 10 9 15 4 0 9 13 12 22 14 12 14 14 15 18 11 4 3 5 0 5 20 20 15 8 3 17 8 2 13 5 5 2 12 3 2 6 14 26 13 2 6 2 4 12 7 10 14 27 14 4 2 20 18 8 10 6 24 14 14 14 13 4 4 12 5 11 11 9 14 14 6 11 15 35 7 27 10 13 9 14 17 24 12 12 25 10 12 13 13 24 13 28 13 11 28 14 31 16 14 21 24 18 13 34 14 15 31 16 25 36 21 35 26 26 32 34 35 35 44 41 36 45 79 64 
25 2 2 3 7 2 1 4 1 5 2 2 8 3 3 3 3 0 9 1 4 3 3 1 3 4 7 1 5 5 4 9 11 2 5 10 9 4 13 7 7 7 13 10 7 2 5 1 7 7 8 8 5 2 7 14 7 3 15 7 8 6 5 8 14 10 10 12 14 7 16 3 8 14 12 9 11 10 9 17 11 7 0 11 3 12 11 3 11 3 9 1 4 9 6 13 9 19 7 16 13 2 8 14 9 1 12 13 13 13 10 11 11 13 6 6 9 14 7 14 13 7 5 6 14 1 13 22 9 13 13 11 14 2 14 5 0 10 20 17 19 14 9 14 13 5 5 7 14 8 0 17 5 12 7 10 5 6 27 9 2 8 10 7 17 14 3 5 13 22 27 26 21 12 3 10 6 9 17 24 10 5 6 12 26 14 5 10 6 14 14 10 27 14 13 20 8 14 11 13 31 14 9 15 12 12 14 20 15 14 12 26 12 21 21 14 22 29 24 23 21 19 21 28 37 28 28 28 40 37 38 49 63 
26 2 3 1 2 2 2 3 7 2 0 0 1 3 1 1 6 1 2 9 2 7 9 9 2 7 6 4 3 2 7 4 4 4 4 4 4 5 1 5 8 4 4 3 3 5 4 6 0 7 6 7 6 8 8 7 8 9 8 7 1 9 6 5 4 9 6 9 9 14 9 6 12 9 4 13 1 10 7 10 15 6 9 4 12 13 1 9 14 4 9 8 11 12 12 12 12 10 7 5 14 8 7 13 13 11 14 2 17 1 14 14 14 11 17 7 8 15 16 9 15 10 19 6 7 5 20 2 15 14 14 13 13 22 7 8 7 14 18 13 21 1 8 19 6 13 8 2 3 4 13 17 0 14 7 6 10 15 14 21 4 22 6 3 15 14 13 9 4 7 1 9 7 29 13 2 5 5 13 12 10 1 24 3 5 6 4 25 11 2 8 28 6 3 2 11 4 12 26 5 14 21 11 9 13 11 14 6 7 15 36 24 6 8 14 12 18 18 14 13 25 11 19 9 20 16 14 16 9 25 11 23 11 19 33 35 19 24 22 16 27 19 21 15 27 29 20 44 25 26 34 27 27 38 31 49 34 57 35 45 41 
27 1 1 2 3 0 4 5 5 7 6 7 4 4 3 1 1 2 11 8 11 2 1 4 10 4 11 11 4 4 6 14 14 7 5 4 11 5 6 6 6 6 8 6 8 9 6 7 3 2 7 14 7 10 13 3 1 6 8 10 13 8 0 8 9 12 14 7 15 7 10 10 6 3 4 11 11 4 7 12 11 12 10 13 12 13 12 12 7 13 14 12 19 14 15 14 13 14 15 13 23 14 1 13 10 16 15 4 6 7 13 13 17 11 16 15 6 12 13 4 26 4 16 9 8 6 2 9 24 14 7 13 7 11 6 3 15 3 27 23 8 2 14 20 5 9 13 24 14 14 10 16 12 24 25 25 6 16 26 13 24 6 9 26 8 23 21 25 13 14 20 26 13 10 28 14 11 14 16 35 13 14 10 25 38 13 14 29 14 16 19 28 26 14 15 36 40 27 29 20 19 37 27 36 37 28 28 31 39 36 37 63 61 
28 1 0 1 1 3 3 7 7 3 8 4 2 3 5 9 11 10 4 4 6 10 2 9 4 1 5 13 4 12 13 9 15 14 10 7 0 7 4 2 14 13 18 6 6 1 6 17 14 2 12 0 19 6 14 4 14 9 13 4 5 3 5 6 7 4 15 6 15 10 10 22 11 8 13 14 6 14 21 6 8 3 8 12 3 11 9 13 5 4 2 14 4 16 13 7 13 5 19 15 35 27 26 28 23 15 36 11 28 14 12 17 13 13 35 27 19 33 26 39 29 29 35 30 24 34 24 28 24 29 29 30 41 41 63 91 146 
29 2 1 4 7 9 10 6 5 10 9 11 2 12 7 0 12 9 5 13 3 7 6 13 8 0 1 3 6 7 7 10 14 21 11 14 13 3 6 13 1 2 6 13 7 1 14 9 6 8 14 15 13 7 14 14 14 1 8 7 13 7 28 12 4 5 8 8 8 4 3 5 12 16 8 14 16 17 6 13 36 20 14 19 16 19 13 12 25 34 29 22 14 34 14 17 19 35 22 28 22 21 34 26 40 64 
30 5 5 3 2 5 6 2 5 0 11 12 4 8 8 8 4 2 13 4 4 2 4 2 5 5 13 7 3 3 2 13 7 7 7 12 1 15 3 11 13 1 12 9 2 0 5 13 2 2 23 15 14 3 13 9 15 17 5 7 12 3 31 11 13 12 14 27 11 9 8 10 5 15 29 29 29 37 8 27 12 14 28 21 12 28 29 19 21 25 40 45 125 207 
31 3 4 5 3 6 7 10 3 12 12 9 7 5 7 3 4 7 14 2 4 18 13 13 7 2 4 4 14 10 14 0 6 19 1 11 13 7 10 19 15 3 5 15 5 17 17 8 0 2 3 16 3 6 7 0 4 10 6 4 12 4 20 13 23 11 8 12 5 19 21 6 5 9 10 9 25 10 13 11 14 13 12 24 19 26 32 13 14 13 14 15 18 24 29 17 21 18 19 43 54 
32 1 0 5 0 0 2 2 3 1 2 12 3 10 5 13 13 6 1 7 14 14 13 13 11 12 13 12 11 8 8 8 1 16 14 18 13 13 10 11 18 5 3 4 13 26 13 26 11 7 6 12 10 27 11 5 14 14 5 11 13 11 7 18 7 11 13 13 26 23 15 36 14 14 33 34 13 13 16 15 41 23 47 27 
33 2 2 9 10 5 0 9 12 8 12 14 13 8 13 5 7 11 4 15 7 9 7 12 7 13 3 14 1 14 5 12 11 14 9 13 14 6 1 7 11 14 2 6 7 5 13 13 11 1 11 5 5 10 27 5 15 1 15 13 1 14 24 5 27 4 6 19 5 15 34 17 12 28 12 10 15 9 11 12 14 13 39 13 38 40 22 23 28 28 28 44 
34 0 5 2 2 6 3 8 3 9 9 5 2 13 1 14 6 2 14 15 5 6 13 9 1 10 13 12 13 13 1 17 16 1 2 4 12 10 3 6 9 8 5 11 0 2 23 14 15 24 14 25 3 27 2 28 29 10 7 7 7 11 16 21 13 14 14 22 10 11 14 20 28 20 19 27 42 30 43 68 102 
35 0 4 3 2 3 0 3 5 3 3 4 9 2 9 8 10 5 3 6 3 6 5 4 13 5 7 13 2 11 2 12 7 5 10 5 12 14 13 1 11 10 3 2 3 20 18 11 25 14 3 7 2 11 5 4 19 7 12 13 9 12 27 9 23 32 25 27 14 27 14 41 18 25 28 26 58 91 
36 4 5 2 4 8 7 2 4 6 10 9 14 6 8 3 5 13 4 13 8 11 7 4 14 8 17 1 11 13 10 21 14 13 16 6 10 11 8 3 2 0 6 23 9 17 12 8 6 6 20 17 6 7 7 12 35 11 13 12 29 11 35 14 14 12 33 29 41 22 33 28 40 48 
37 1 0 4 0 2 3 1 9 11 2 14 7 12 13 4 6 13 5 13 13 6 14 0 11 11 16 5 6 13 21 3 17 22 12 7 10 14 20 14 4 4 2 3 12 19 6 27 8 7 11 9 9 7 21 9 11 28 22 25 14 13 13 18 17 16 27 34 40 27 46 70 
38 2 7 1 3 8 4 10 6 2 2 6 6 1 9 12 13 4 6 7 18 6 4 12 4 13 18 2 0 6 11 2 18 8 27 27 13 4 2 6 6 4 4 5 16 13 7 14 13 17 10 14 14 18 
39 3 7 6 7 5 1 2 1 12 4 2 7 4 13 7 7 4 14 5 9 4 5 14 9 10 4 5 5 1 7 13 6 12 12 5 1 1 27 28 15 5 6 6 9 7 28 27 13 29 13 26 23 27 35 44 36 
40 3 3 5 6 10 6 2 1 12 3 12 3 7 6 3 7 9 5 5 3 11 2 21 14 4 11 4 9 3 8 4 23 10 3 10 2 8 10 0 14 7 13 8 13 13 13 12 28 12 27 19 41 36 26 35 30 
41 0 2 7 5 6 4 3 13 4 11 7 4 7 4 7 12 9 8 3 11 6 13 23 28 6 13 13 32 14 29 27 10 15 13 13 13 20 24 19 37 
42 4 0 3 3 6 5 5 6 1 13 7 13 2 6 1 6 8 13 5 3 12 13 3 5 8 8 3 4 14 5 13 14 6 4 13 12 9 4 10 21 27 8 12 12 28 22 11 35 14 7 19 14 23 34 46 61 
43 5 6 7 8 7 6 2 10 7 16 3 3 13 5 1 14 6 1 11 4 18 11 4 3 26 12 9 3 14 8 11 13 23 33 14 30 23 33 39 62 90 
44 1 3 3 1 6 13 10 0 3 14 1 7 1 9 15 3 4 24 14 0 5 13 20 5 8 8 3 4 18 27 12 35 11 17 13 14 27 35 42 
45 5 5 2 6 0 4 10 6 0 2 8 11 8 1 7 9 2 9 1 9 13 6 7 7 2 5 14 3 9 6 3 10 3 10 15 1 16 13 10 2 5 3 13 15 5 3 6 15 21 
46 4 5 6 9 6 10 2 3 1 8 11 13 16 4 5 11 19 2 1 13 3 18 18 20 6 18 13 12 5 8 5 1 9 10 6 14 8 14 14 13 9 21 14 11 25 38 19 41 25 30 38 29 41 
47 0 4 4 2 13 0 13 8 11 7 3 3 8 9 14 11 17 13 13 14 4 3 13 7 4 7 16 6 9 19 14 23 13 13 13 32 31 37 
48 5 6 6 4 3 7 3 7 9 4 15 6 8 4 12 2 13 13 7 6 8 3 13 9 3 11 6 14 13 9 35 28 40 13 26 37 29 39 
49 3 6 0 3 4 9 8 9 7 8 13 11 2 0 11 19 13 0 13 5 6 4 8 13 8 7 11 35 14 10 12 24 35 
50 1 3 3 4 8 7 13 4 6 6 4 10 9 13 10 13 10 2 1 11 14 8 0 6 3 5 10 9 2 7 27 16 12 14 34 14 42 28 19 33 
51 4 6 5 4 9 5 13 4 6 14 10 3 12 28 14 7 7 27 6 13 14 41 37 35 
52 5 9 5 6 16 3 12 10 6 5 14 14 9 28 7 10 13 23 36 37 
53 0 3 6 7 2 13 6 11 9 8 2 5 10 5 11 3 2 9 5 22 9 14 6 14 27 14 14 12 
54 4 8 4 2 4 1 3 6 7 6 5 5 4 10 9 11 14 5 8 3 13 2 6 14 8 13 13 19 21 13 22 31 27 
55 5 3 3 2 2 1 14 3 12 12 11 8 23 15 14 10 1 10 20 29 15 9 11 32 14 
56 11 6 2 8 1 7 2 4 11 21 3 13 9 6 8 27 16 27 37 
57 4 1 6 11 14 11 14 11 10 4 0 1 12 7 15 11 28 11 21 42 71 
58 1 0 1 1 5 4 2 2 4 3 2 14 5 1 5 1 8 7 12 16 1 1 16 8 6 28 34 
59 3 6 4 8 14 14 12 9 13 18 5 4 4 16 15 8 7 2 13 3 4 6 7 13 8 9 19 11 11 13 39 43 
60 1 1 2 1 6 5 7 14 13 5 8 2 3 8 32 
61 2 2 2 12 10 13 15 2 15 9 10 12 10 13 17 20 34 
62 5 6 6 1 2 1 13 1 8 13 11 4 21 1 9 4 32 
63 3 9 10 3 12 10 5 13 9 3 3 2 12 5 8 3 0 14 7 14 8 9 23 
64 2 9 14 8 7 12 1 13 6 7 14 5 20 14 14 36 33 41 
65 5 12 7 6 6 4 17 4 13 29 9 6 2 4 13 10 22 
66 2 3 1 4 5 2 14 1 27 7 30 31 10 16 18 33 
67 4 7 2 12 4 7 12 5 19 40 
68 1 1 3 5 4 3 7 3 14 17 3 23 3 10 12 13 13 
69 3 6 5 7 14 12 6 5 31 
70 1 2 2 4 13 14 17 13 27 3 9 12 
71 9 10 2 3 14 0 
