0 
1 
2 
3 
4 
5 
6 
7 
8 
9 
10 
11 
12 
13 
14 
15 
16 
17 
18 
19 
20 
21 
22 
23 
24 
25 
26 0 0 1 2 2 2 4 0 5 1 5 3 4 5 5 5 7 6 6 6 7 0 3 9 4 10 10 10 11 10 10 13 10 12 2 14 12 6 12 7 13 7 13 13 9 15 14 9 14 13 12 14 10 7 9 14 7 6 13 11 12 12 10 14 10 14 13 13 8 13 10 13 12 8 14 11 16 14 13 13 19 9 16 14 13 13 16 16 15 14 28 
27 2 3 2 0 1 0 3 0 4 6 5 2 6 2 3 7 5 7 1 7 0 8 0 4 9 5 9 7 8 4 3 10 7 0 9 7 7 8 11 12 5 12 8 7 14 5 14 4 3 14 6 1 5 1 0 13 14 12 14 4 3 13 7 6 12 16 14 13 13 8 11 13 0 4 0 6 13 12 13 11 7 14 0 2 3 12 9 4 14 3 2 11 14 11 14 15 13 20 13 6 0 1 11 15 6 14 13 7 17 14 8 13 0 12 0 7 6 12 11 10 6 14 13 6 0 6 18 0 4 14 13 13 12 16 6 3 3 3 11 22 4 14 0 12 11 4 14 7 0 13 8 5 0 13 7 9 16 14 7 9 14 13 9 11 4 9 11 6 14 13 6 7 15 7 13 11 9 14 11 8 10 7 14 6 13 6 6 6 14 12 8 13 10 6 12 14 14 13 6 10 14 10 10 13 16 13 17 10 14 13 11 14 11 17 16 25 13 15 
28 0 2 3 0 3 0 3 0 3 3 3 0 1 6 0 4 4 7 5 0 10 4 2 7 3 6 9 5 0 6 8 7 5 7 6 8 8 7 11 7 11 3 8 14 0 13 12 13 13 13 14 11 14 14 13 13 8 14 13 0 11 14 7 0 9 13 14 4 6 11 16 1 13 13 5 15 8 4 5 6 10 12 5 13 8 11 16 13 15 4 13 8 12 12 12 10 4 9 10 14 3 4 6 13 12 13 16 4 5 13 7 4 11 9 7 4 3 14 14 14 5 16 15 10 1 7 9 13 4 3 15 7 9 17 11 14 3 14 18 6 14 0 1 8 14 13 2 14 4 4 10 13 10 14 14 13 6 13 6 0 7 13 14 10 14 9 9 8 9 13 9 0 18 13 10 13 3 14 14 14 12 12 13 13 2 14 1 10 11 4 7 3 14 4 12 5 14 8 13 4 8 8 10 6 13 14 13 10 14 7 4 7 14 13 11 14 12 6 7 13 11 9 14 14 19 14 14 13 7 11 7 13 14 14 6 14 13 6 14 10 14 15 9 15 16 11 14 12 20 10 9 9 9 19 14 14 30 14 13 13 13 12 13 13 13 13 13 17 17 16 27 29 
29 0 2 0 1 2 2 7 5 7 4 2 3 7 6 0 5 5 5 0 4 0 8 9 9 1 3 11 6 4 7 12 11 1 2 7 12 0 5 5 11 9 3 4 2 3 11 9 12 5 10 14 13 10 11 0 4 13 9 15 5 0 13 12 13 5 7 3 14 0 14 14 13 9 13 8 12 14 13 13 11 6 14 13 4 11 6 14 13 6 7 13 14 6 0 6 4 14 14 14 14 14 14 9 13 12 2 10 16 11 9 6 11 0 5 7 4 6 11 5 10 0 12 13 6 19 11 7 9 3 13 14 1 12 5 13 8 14 13 15 8 11 1 3 20 3 12 16 10 6 13 0 9 13 3 3 5 11 9 14 14 10 14 6 18 7 0 4 13 24 5 4 14 8 4 10 13 3 10 12 5 15 6 12 24 11 7 14 5 12 7 6 14 9 6 17 6 16 8 6 1 6 12 14 15 13 2 7 4 3 9 14 14 14 14 15 9 8 10 6 10 4 17 8 15 6 30 15 14 8 7 7 17 7 7 7 13 24 14 12 13 11 10 10 15 29 13 9 10 14 13 13 10 13 14 13 14 16 13 14 16 18 19 20 38 52 44 
30 1 0 3 2 3 0 2 5 7 6 5 1 8 6 8 3 2 7 5 0 5 0 5 7 5 4 9 2 13 12 7 11 12 11 7 3 6 13 4 13 12 12 9 12 14 14 0 0 14 14 14 3 13 9 14 1 3 5 14 9 11 9 3 9 16 13 8 14 10 6 13 7 16 13 8 14 14 12 9 5 13 6 2 8 1 11 5 3 13 5 14 12 3 13 3 14 17 0 14 14 10 13 6 10 17 16 13 12 7 14 7 6 3 7 13 9 14 13 11 8 5 13 3 10 16 6 14 6 0 11 0 0 14 5 11 6 14 1 4 13 4 15 13 12 9 13 6 12 3 13 12 14 17 2 13 7 19 6 10 1 4 3 3 7 9 15 6 7 13 14 14 12 1 0 12 6 8 5 13 13 1 10 14 14 7 11 14 16 14 6 7 14 13 9 12 10 3 14 14 4 17 14 16 14 4 15 7 7 6 14 15 10 12 14 35 13 8 16 7 12 14 12 11 13 9 9 13 10 15 12 10 10 12 11 14 12 12 14 17 14 14 14 14 29 19 17 17 28 36 36 28 34 61 
31 1 0 3 3 3 5 3 6 1 3 4 5 2 10 10 9 0 0 5 11 5 3 8 0 2 11 5 6 13 8 9 3 14 12 13 2 5 7 13 13 10 11 3 14 1 5 7 13 4 5 17 13 7 7 0 13 10 9 11 14 13 14 8 8 3 12 5 7 9 10 6 17 14 18 13 8 8 12 19 9 15 13 10 3 12 14 6 7 5 18 4 6 13 8 11 4 23 5 13 4 7 7 11 16 14 10 1 7 11 14 13 11 4 3 0 0 5 9 10 15 9 7 13 8 15 1 2 14 10 6 7 3 16 11 6 13 1 11 12 11 16 15 13 14 5 14 12 14 20 14 5 4 3 4 11 14 6 16 10 4 14 15 4 15 14 15 10 7 15 14 4 6 8 9 11 10 7 12 8 14 17 6 13 10 9 13 14 13 14 12 14 11 15 13 8 12 14 10 13 12 12 13 12 14 13 10 13 17 10 11 10 14 14 13 12 14 14 14 14 19 20 24 35 55 38 263 
32 1 2 3 4 0 5 5 6 3 0 3 8 5 3 2 3 9 5 10 0 7 0 8 5 6 10 13 11 12 6 9 4 12 12 14 10 0 1 12 14 6 6 13 14 6 10 8 6 3 2 6 14 5 15 14 4 2 10 8 9 9 12 11 14 14 9 7 14 0 11 12 4 13 0 6 6 13 7 14 14 14 7 3 14 17 5 17 6 11 6 11 7 6 19 12 10 6 12 13 11 13 13 7 7 3 0 11 15 13 8 11 17 14 16 9 12 2 13 4 6 8 5 11 4 11 17 2 14 12 0 10 5 12 8 7 14 13 10 13 7 4 3 1 7 14 5 14 12 4 10 12 4 5 14 13 8 8 14 12 13 3 16 12 15 14 13 14 9 12 13 11 6 14 9 5 6 5 6 16 5 15 10 14 12 14 5 18 13 9 9 14 15 14 7 16 11 12 15 14 7 6 14 22 12 8 13 14 12 9 14 14 13 13 14 12 13 14 20 12 13 15 14 18 13 13 14 14 14 28 16 16 18 36 48 90 
33 1 1 2 1 2 4 3 5 3 5 6 8 7 0 6 1 0 6 2 2 5 0 5 4 1 3 8 11 0 7 10 4 8 13 11 0 6 14 14 14 7 14 7 8 9 8 4 4 3 13 5 6 3 4 13 7 10 7 11 6 11 4 13 11 5 5 17 8 10 16 11 14 13 3 16 9 0 2 7 11 9 13 10 12 6 18 11 15 13 0 5 4 1 13 2 12 0 7 12 18 6 9 7 13 7 6 13 9 7 2 14 2 8 15 7 11 0 4 6 15 14 6 11 13 14 10 12 14 11 17 7 10 9 13 6 13 6 21 14 11 13 5 14 9 13 14 0 14 8 4 5 11 2 23 4 2 3 14 6 30 14 4 7 14 8 14 13 18 12 6 14 11 5 14 2 5 5 13 11 3 14 13 12 12 5 6 7 7 4 12 12 12 21 35 12 6 15 15 14 15 15 6 10 8 16 23 13 18 13 17 13 7 14 9 13 13 14 13 14 9 14 11 14 11 12 29 29 14 14 13 13 15 15 14 15 34 23 36 36 36 41 18 36 19 34 31 39 46 55 
34 0 1 2 0 0 3 3 2 7 6 6 6 3 4 1 4 5 2 9 6 3 5 7 9 2 7 4 4 12 3 4 4 7 7 13 7 1 1 14 9 7 14 10 11 2 13 6 1 7 11 14 13 11 13 8 14 2 11 14 5 8 5 8 7 10 15 4 7 7 2 15 6 9 11 3 2 13 10 6 11 4 10 14 8 13 14 11 8 19 3 13 7 7 4 4 7 13 11 7 6 3 8 14 8 8 4 10 4 9 13 12 3 10 3 13 19 5 5 14 16 6 11 2 7 6 12 12 16 12 21 7 8 4 9 3 14 14 12 12 11 5 14 2 6 4 2 8 7 14 11 6 7 13 1 14 11 1 14 6 7 10 3 7 14 13 14 6 5 11 7 7 14 12 7 10 3 31 15 14 10 10 6 9 8 12 13 13 16 6 15 11 14 14 14 11 8 6 26 9 14 8 14 12 13 14 10 6 14 12 19 15 8 13 9 14 14 13 14 11 14 13 12 13 14 14 13 14 14 14 18 14 16 16 24 17 27 29 27 32 30 40 33 37 54 43 
35 0 1 1 2 3 2 2 4 0 3 5 5 0 6 5 4 7 2 5 8 1 4 7 9 8 8 7 6 1 4 11 6 8 3 2 8 9 0 12 6 1 13 7 4 11 13 4 1 4 8 1 13 11 14 3 14 14 5 11 14 3 14 1 8 1 10 14 17 2 10 14 10 13 10 13 17 8 6 11 5 3 2 5 2 4 14 7 12 9 13 1 15 6 3 7 11 6 12 12 18 4 4 12 0 15 14 14 17 8 2 13 8 3 6 15 11 12 12 3 11 9 3 14 8 14 13 7 7 4 14 12 3 11 3 8 11 10 0 7 14 17 23 6 12 27 13 3 1 2 8 7 0 4 13 12 13 14 14 12 28 16 6 13 6 12 3 21 6 14 3 5 13 11 4 4 15 14 13 14 20 4 6 12 14 13 6 28 13 27 7 12 5 18 7 10 5 19 14 15 6 14 15 14 7 17 18 12 30 29 9 13 21 15 17 14 9 12 9 9 14 13 14 32 22 10 11 13 19 13 35 25 17 34 22 23 22 24 29 37 42 
36 1 1 0 5 0 2 4 5 4 3 5 6 4 8 2 9 10 0 4 9 10 3 5 3 4 3 4 8 12 4 7 8 12 7 10 13 4 6 10 6 4 13 5 13 14 11 8 10 10 7 15 11 6 10 17 14 7 11 5 7 12 8 11 15 14 15 5 14 10 10 14 7 8 12 6 5 14 7 15 17 8 8 10 11 0 6 13 9 0 13 12 5 18 13 5 12 14 3 4 13 0 11 9 3 11 18 9 14 15 17 6 4 2 6 14 14 15 6 10 8 6 12 18 6 7 17 19 5 3 14 8 11 0 1 14 7 19 9 16 5 3 4 8 27 7 18 17 2 8 9 8 12 7 10 28 28 9 9 6 13 14 26 6 13 6 13 14 15 12 13 24 18 11 9 14 12 14 12 9 14 10 14 10 15 18 20 12 10 13 11 10 33 26 25 21 14 20 13 36 23 13 14 34 16 15 24 38 14 14 15 32 27 34 33 41 27 24 28 40 51 24 26 31 34 49 37 43 39 42 40 41 41 73 59 168 
37 0 0 6 7 5 7 5 3 6 4 3 6 6 8 5 6 2 1 6 6 3 9 1 7 10 0 5 2 4 4 10 6 4 13 13 3 8 16 9 10 6 16 11 14 13 7 8 12 5 6 16 0 7 0 2 16 13 12 0 6 6 8 4 12 3 14 2 7 13 0 11 6 2 0 5 6 6 14 5 12 9 13 14 12 14 14 5 14 0 20 15 12 18 3 12 23 7 13 12 7 4 14 9 18 4 9 17 13 9 7 13 10 4 24 13 4 15 14 28 31 13 15 12 13 28 20 12 14 15 22 9 14 24 10 13 13 13 14 10 12 14 29 10 11 24 11 11 19 15 25 28 13 11 20 12 27 15 34 16 14 14 15 27 29 32 39 25 27 32 41 43 54 48 44 43 40 38 53 41 48 56 56 
38 0 3 1 1 2 3 3 4 4 6 7 5 7 4 3 8 2 8 7 3 3 9 7 8 6 11 5 14 10 13 2 4 7 13 7 3 3 5 12 3 11 12 14 13 5 1 14 4 11 14 3 10 10 12 3 7 7 14 10 1 14 8 9 14 3 7 21 13 7 7 6 7 0 14 8 15 3 8 14 3 4 0 13 7 12 13 0 14 14 12 12 10 4 7 16 13 14 25 9 10 11 12 9 17 7 17 13 16 14 10 17 0 10 26 13 27 6 0 27 21 14 8 15 13 14 29 4 5 12 10 9 3 3 6 20 7 16 14 7 13 6 9 30 16 7 14 26 12 17 13 15 12 13 29 29 13 14 19 20 15 12 13 15 19 13 28 18 17 42 15 24 21 28 30 33 42 26 33 43 28 28 28 30 28 28 26 33 42 28 47 41 41 48 59 
39 2 0 3 4 5 6 6 3 2 6 2 7 5 3 7 10 10 8 6 11 5 13 14 7 14 2 12 12 12 9 13 13 7 11 11 6 6 6 4 5 0 10 13 4 1 14 13 13 15 8 14 4 8 9 13 11 8 11 17 1 14 5 6 6 14 15 6 14 21 6 6 5 15 5 11 9 25 6 12 24 1 24 14 16 24 7 4 0 10 7 7 12 6 12 8 10 24 24 13 13 27 12 19 6 14 13 17 25 21 18 15 12 8 4 4 5 5 7 7 9 8 14 6 9 13 8 11 6 11 34 15 6 9 7 6 35 14 6 10 21 30 23 35 35 13 13 16 14 12 24 12 34 42 13 13 14 14 20 22 23 16 26 23 24 28 27 36 25 38 32 27 29 38 38 38 44 82 125 153 
40 4 1 5 1 3 4 5 2 1 7 4 10 9 10 5 8 10 5 6 12 3 11 14 13 6 13 14 5 15 1 13 7 14 7 6 5 10 5 7 14 4 7 14 8 13 6 11 13 12 12 13 14 14 6 16 14 13 13 3 10 14 5 16 19 7 17 13 9 11 7 21 18 14 25 13 9 6 13 16 13 6 14 10 13 13 8 7 9 1 15 13 27 6 29 14 16 2 26 1 3 5 1 1 13 26 10 14 5 6 5 4 28 16 4 6 13 16 6 21 12 6 9 28 27 32 23 22 13 21 11 21 11 17 15 33 14 11 15 21 13 21 13 13 16 18 33 28 22 29 28 27 22 41 27 31 40 43 37 52 41 92 
41 1 3 5 4 6 5 7 7 6 6 4 2 1 3 6 6 3 -1 7 7 4 6 6 5 3 12 11 13 13 4 13 6 13 13 10 13 12 11 13 13 5 5 10 15 7 11 17 1 7 9 15 10 4 20 5 1 14 8 20 21 13 8 9 0 14 10 11 13 7 19 15 10 3 8 11 8 20 13 3 6 6 14 6 7 1 13 7 14 10 9 3 12 14 4 16 16 11 22 13 13 13 13 10 12 5 6 8 14 4 8 11 18 14 2 20 18 15 5 7 7 11 6 16 27 8 16 21 13 32 11 10 15 13 20 33 13 14 14 16 33 14 15 38 15 26 16 19 20 37 47 22 28 28 28 34 38 27 47 37 36 51 41 87 
42 0 1 4 3 5 6 6 1 6 4 6 1 5 11 4 4 10 7 2 12 6 4 13 7 8 7 1 13 13 9 14 15 15 11 11 7 17 7 12 7 7 3 12 0 13 13 5 5 11 6 4 14 13 7 6 15 13 1 7 6 14 4 13 1 14 3 4 3 10 14 0 15 11 14 20 19 0 11 13 12 11 20 5 13 13 6 6 4 12 15 7 6 4 0 23 23 8 3 13 14 9 13 7 25 13 11 14 14 2 6 6 5 10 15 14 11 13 14 7 14 11 3 14 14 11 7 27 7 6 7 14 13 21 7 23 29 10 13 10 17 14 31 13 17 11 20 9 14 17 13 20 11 16 31 13 12 16 23 14 20 19 31 47 27 40 20 20 24 25 27 34 29 42 26 37 34 35 37 49 73 81 
43 5 0 7 3 4 8 0 1 2 5 2 4 10 11 3 10 3 1 9 6 13 8 3 9 9 14 1 6 9 14 7 15 14 9 17 9 14 14 6 6 4 10 5 16 13 15 7 18 15 18 14 7 15 11 19 6 9 11 9 1 13 4 12 11 12 4 12 6 11 4 6 11 14 21 0 5 3 9 3 7 17 7 7 7 8 13 4 7 4 3 15 12 6 2 14 14 7 19 1 14 12 8 12 1 28 10 17 14 31 5 14 14 28 14 14 9 13 12 14 13 13 16 37 21 15 14 19 8 13 12 13 29 15 16 34 22 12 27 24 38 14 26 17 16 18 20 17 33 29 40 22 39 26 37 39 38 118 
44 0 3 1 1 6 6 7 0 6 4 3 2 8 7 2 8 2 0 10 2 7 7 9 11 11 11 1 14 6 13 14 2 6 10 11 1 13 14 9 13 11 4 19 6 16 0 6 7 7 17 7 8 0 12 12 1 7 0 9 13 9 8 14 0 13 24 11 7 7 12 14 10 4 2 13 14 8 26 3 10 11 12 8 2 13 12 4 8 14 14 12 12 0 21 8 14 21 16 13 23 4 20 6 10 15 14 14 5 19 5 5 6 6 14 12 13 15 14 24 36 11 13 11 13 22 39 27 12 12 28 13 22 14 18 15 16 16 32 33 17 21 28 39 24 27 29 32 28 29 38 23 42 27 37 36 29 39 
45 0 0 2 2 4 1 6 2 0 4 11 7 9 12 12 3 7 9 12 13 11 14 1 12 7 11 6 8 2 6 1 14 1 9 7 13 4 14 5 14 2 10 3 3 11 20 7 11 9 15 19 14 16 16 13 11 9 14 6 6 12 12 12 14 11 10 10 9 8 19 6 5 18 16 15 20 13 14 24 7 10 9 13 4 12 6 12 14 9 3 18 20 14 10 19 14 20 20 7 20 18 14 22 22 13 14 8 13 8 28 12 14 14 13 10 32 13 14 13 14 20 13 14 21 26 24 22 27 42 23 26 38 38 36 40 58 68 
46 1 0 3 2 2 4 6 5 6 6 4 4 3 11 3 10 0 12 13 6 5 0 8 11 7 4 13 7 15 5 6 6 14 13 13 7 15 8 13 0 2 2 11 17 17 8 14 13 17 9 4 2 21 15 13 13 3 5 12 8 14 15 16 21 6 5 2 11 13 14 12 11 7 11 4 9 13 11 6 24 14 23 8 10 14 19 13 11 11 23 4 5 28 3 14 15 15 7 13 18 16 12 16 37 10 14 25 13 13 21 13 35 23 14 13 20 13 35 20 36 38 28 24 27 38 33 38 40 48 36 33 75 137 
47 0 7 3 10 9 7 8 7 5 3 0 11 12 7 3 7 11 6 1 16 5 14 10 13 7 6 4 13 15 14 5 13 2 18 13 6 21 12 18 6 20 3 3 11 8 3 12 9 12 12 17 13 7 13 9 13 14 15 16 15 13 3 6 3 3 9 12 12 1 13 17 3 29 23 9 21 15 15 22 10 29 2 11 13 14 19 8 12 7 15 14 14 10 19 14 19 8 14 8 9 11 11 22 13 11 12 13 26 21 39 17 26 15 14 20 19 24 23 31 35 105 
48 2 3 4 3 3 4 4 7 1 6 1 8 10 6 6 8 5 10 6 7 13 15 2 4 5 14 10 14 12 13 13 4 13 12 10 6 13 9 7 14 17 14 2 6 3 13 10 6 1 7 12 11 14 12 6 14 14 17 15 23 13 14 2 7 15 14 7 7 20 14 14 13 23 19 13 11 7 15 12 27 2 5 12 10 12 4 3 6 7 6 14 12 3 30 9 7 18 14 8 11 10 11 16 13 13 11 24 13 35 13 13 17 26 12 38 41 21 21 23 39 41 20 27 40 28 46 49 40 42 43 
49 3 6 6 3 9 6 10 11 7 7 0 5 13 4 7 11 5 14 7 7 15 6 8 10 8 7 16 15 6 3 14 10 14 12 14 0 11 10 12 6 22 19 13 5 11 0 9 6 10 3 11 13 8 12 29 1 14 12 12 15 7 13 11 13 5 6 12 23 15 8 26 26 15 9 12 14 14 11 14 12 14 15 23 26 20 19 29 29 21 19 38 21 30 32 31 29 31 40 41 30 42 
50 6 5 6 4 0 11 8 10 12 10 14 10 15 9 8 12 1 1 13 12 7 1 9 2 9 8 13 12 12 0 8 8 8 12 12 10 14 13 15 7 4 10 22 14 9 21 7 5 5 11 4 16 12 5 14 11 15 9 6 13 14 15 12 7 14 7 11 36 14 15 14 10 14 13 20 21 31 16 16 16 33 25 28 51 34 43 28 31 35 35 34 37 99 
51 1 2 2 2 2 5 5 3 7 3 6 8 8 8 2 12 7 5 5 13 13 7 5 10 4 14 6 2 14 11 13 18 6 13 1 3 19 13 15 2 13 14 14 9 22 20 5 1 14 6 10 12 8 6 10 21 19 14 8 8 2 28 14 5 6 26 8 12 8 31 20 31 14 8 14 7 14 13 14 11 9 16 13 24 21 13 15 13 27 24 25 27 42 30 112 
52 1 3 7 0 5 5 8 5 10 9 5 13 6 6 2 7 9 7 4 13 8 13 7 16 6 11 10 6 11 8 19 6 6 13 20 9 5 23 6 4 12 4 3 7 12 12 14 7 20 14 29 7 14 21 11 5 3 7 5 4 8 5 14 15 10 5 9 21 28 11 14 14 31 13 40 14 13 39 20 26 25 32 47 55 108 
53 3 5 7 8 7 2 9 13 7 13 13 11 4 3 6 11 12 5 12 14 9 13 11 14 13 10 11 14 20 10 4 14 12 9 12 0 18 5 13 1 14 3 21 12 6 24 4 6 26 1 7 8 14 18 26 19 12 11 21 14 6 11 9 15 28 16 12 9 21 10 14 18 32 23 27 39 46 55 
54 4 3 5 2 3 7 0 4 0 5 5 7 9 1 5 11 2 4 10 4 7 4 4 5 14 13 7 8 13 10 9 4 20 2 8 14 14 4 12 9 12 14 24 24 6 6 14 0 10 2 14 0 6 3 11 13 17 7 10 5 10 19 5 10 13 9 9 15 8 14 7 14 9 24 29 9 14 9 16 12 28 14 14 26 18 21 20 24 23 27 28 39 31 
55 3 4 1 4 2 1 7 0 5 14 3 8 9 9 7 6 9 13 6 13 13 10 3 12 13 19 9 13 14 7 1 9 5 13 14 12 6 13 5 22 6 14 27 14 2 13 11 9 16 14 6 22 7 36 14 9 8 14 8 34 13 34 17 41 27 35 17 37 27 32 35 35 
56 0 6 0 9 1 7 11 8 11 10 5 3 5 14 14 8 12 13 12 12 3 11 5 10 11 10 7 13 15 9 13 3 5 10 24 14 7 17 6 22 5 13 16 9 15 28 6 5 14 6 7 4 12 8 10 15 18 19 15 12 14 37 28 11 13 16 35 21 25 27 25 32 32 31 59 42 44 44 68 
57 0 4 4 6 8 15 12 11 11 10 6 15 14 1 13 6 13 19 14 6 10 4 25 13 23 21 22 13 15 3 13 2 3 24 14 28 6 14 13 7 14 5 29 11 34 20 11 13 12 22 31 27 37 28 39 42 77 
58 5 6 7 7 12 3 13 10 6 11 5 1 2 3 3 11 13 7 6 8 13 1 3 8 13 19 2 3 13 1 6 14 3 19 13 8 12 10 6 26 18 7 6 11 12 25 13 22 16 15 19 8 13 10 3 13 6 10 13 8 8 14 8 8 14 37 10 16 13 28 26 20 35 40 62 63 60 
59 0 5 5 6 1 0 10 10 6 13 12 10 12 14 15 10 12 14 16 4 15 10 20 6 17 7 9 9 16 10 14 14 12 17 23 8 27 6 10 13 14 12 28 14 7 27 14 6 15 28 10 12 25 11 14 13 12 24 13 13 27 31 33 21 22 37 27 25 24 49 
60 7 6 11 5 10 8 11 16 10 15 7 12 14 14 5 7 14 18 14 3 15 23 11 11 14 10 6 24 3 28 25 15 5 15 30 26 27 43 34 47 
61 0 0 0 6 3 2 7 14 8 11 11 11 7 7 7 11 11 2 7 5 15 24 7 13 12 3 7 4 18 28 5 7 26 14 8 7 21 11 14 13 12 13 13 19 14 20 38 22 44 29 
62 1 8 5 1 1 13 8 11 7 11 12 3 3 6 6 7 5 7 6 14 12 15 0 11 20 13 15 20 16 21 13 1 7 13 32 12 8 27 14 25 23 16 13 44 35 35 33 55 29 38 
63 0 3 4 2 6 2 10 10 8 7 5 12 12 13 10 14 13 11 20 6 22 1 5 15 17 0 8 14 12 28 14 14 23 10 28 13 17 14 30 28 32 43 
64 4 4 7 9 2 14 5 12 11 1 12 12 13 15 17 14 11 3 29 16 15 26 10 7 13 23 16 5 17 25 6 35 11 16 13 14 15 22 24 
65 0 5 13 12 11 3 14 7 6 5 5 3 20 10 14 24 4 8 13 8 28 28 34 13 36 14 17 18 30 32 49 37 35 
66 2 10 7 8 6 6 10 6 7 9 10 2 12 8 7 29 18 14 18 16 18 14 16 16 14 25 42 
67 4 11 14 13 8 7 1 6 2 18 8 12 13 14 15 12 4 12 13 11 12 20 11 13 13 26 
68 3 0 3 1 5 11 7 9 11 13 0 6 3 6 4 6 25 16 4 20 16 23 4 21 27 9 13 12 24 29 34 
69 3 7 9 6 7 13 9 14 3 10 13 9 13 6 16 8 13 25 21 26 
70 6 2 11 0 13 15 13 5 11 13 14 13 9 13 13 13 13 13 22 
71 5 1 4 4 1 1 12 12 14 14 11 8 13 11 
