0 5 11 14 9 6 1 4 10 13 10 13 14 15 10 13 18 14 17 21 36 
1 1 4 11 0 7 0 10 15 1 6 12 15 7 27 11 7 13 13 13 27 19 33 41 41 43 
2 6 6 13 7 3 9 4 13 1 12 0 15 6 13 12 1 23 8 27 18 21 26 16 29 62 
3 9 13 12 10 13 0 3 11 8 5 14 11 10 3 6 23 33 11 13 14 19 22 27 22 
4 0 0 1 4 3 4 4 14 14 13 16 8 7 6 14 20 0 13 14 21 27 16 14 7 11 29 14 16 12 22 
5 3 1 7 12 12 13 5 13 7 7 7 5 11 19 1 18 2 12 29 6 14 18 13 15 23 25 40 25 
6 3 4 5 9 0 5 6 2 7 5 3 4 4 5 23 1 15 25 14 13 17 23 28 47 78 
7 4 13 13 10 7 5 13 0 2 10 13 33 11 13 18 30 
8 0 3 5 0 0 7 6 7 16 13 3 9 16 27 7 12 32 9 18 38 24 
9 0 2 0 2 4 8 1 13 13 3 1 17 1 13 13 10 25 6 14 31 
10 0 2 7 14 9 0 14 13 13 2 5 0 21 7 0 0 7 13 21 20 34 35 28 28 42 
11 0 7 13 6 0 5 14 11 10 12 8 13 8 9 14 12 11 12 11 11 7 20 12 13 12 13 13 16 4 13 12 15 13 10 16 14 14 22 21 
12 0 6 8 6 8 7 0 10 10 11 14 13 0 8 0 14 4 14 2 6 19 19 15 16 17 7 18 6 0 10 13 3 19 13 11 12 7 10 9 1 13 5 12 6 15 14 6 8 22 12 9 11 18 7 14 10 12 13 13 13 10 19 13 14 26 
13 3 4 6 8 5 7 4 13 10 0 10 10 7 11 3 13 3 14 0 3 13 20 7 1 11 2 22 9 1 6 9 19 12 12 14 13 9 14 7 26 24 29 24 31 14 20 27 21 36 11 23 14 13 19 23 36 35 25 24 35 35 44 68 119 
14 2 3 6 6 9 0 7 11 7 7 12 13 12 3 7 9 12 4 4 9 12 14 16 17 14 11 14 1 7 4 15 3 1 9 10 14 14 22 16 13 23 12 10 11 11 13 14 26 9 10 13 7 9 19 14 14 34 15 21 22 27 23 34 63 
15 4 5 9 14 3 1 13 13 13 13 13 10 8 13 17 12 14 0 1 13 14 2 17 17 10 14 9 8 7 13 7 14 22 7 6 0 6 18 22 15 11 18 14 36 36 20 19 25 29 27 32 33 40 43 
16 1 2 5 0 4 0 3 0 8 1 0 13 14 3 5 19 17 12 14 11 1 17 0 16 14 13 15 22 11 21 4 6 14 11 9 10 6 12 20 7 6 7 18 12 12 15 5 13 10 17 20 33 20 13 35 21 24 37 40 46 
17 6 1 5 6 7 11 7 4 2 6 13 11 8 1 11 18 7 12 20 13 6 9 13 16 13 14 6 11 8 11 9 15 3 2 17 4 14 7 14 9 14 20 20 12 14 19 13 10 10 15 13 14 16 18 18 35 26 207 
18 3 7 2 8 2 10 5 12 8 12 13 1 13 1 2 7 14 3 5 7 1 13 16 5 13 16 2 15 18 8 6 12 8 12 3 15 7 15 3 11 15 14 5 25 10 10 28 14 13 10 17 12 19 11 13 20 27 37 39 29 46 39 
19 6 2 7 4 2 7 1 0 8 13 14 4 2 16 15 6 4 7 11 7 11 13 10 14 6 9 9 13 3 20 12 13 17 15 7 27 14 14 6 13 7 11 25 13 21 24 28 10 15 14 16 19 32 34 43 46 
20 1 5 7 11 10 7 1 5 12 9 5 5 9 7 5 4 12 14 13 7 14 10 22 8 18 8 24 20 17 20 9 28 14 21 22 27 28 28 33 27 24 42 
21 3 4 6 4 8 2 1 13 6 4 6 13 4 12 6 13 15 17 13 11 7 24 19 8 18 14 13 11 11 12 13 11 11 12 6 12 13 13 7 7 14 9 9 19 26 14 14 39 15 28 28 16 21 84 
22 2 4 3 2 6 1 8 6 2 4 9 14 13 14 13 13 7 4 6 5 17 17 12 2 0 0 5 14 6 10 23 8 29 14 35 28 13 21 10 18 12 22 13 30 37 23 16 18 30 35 
23 6 5 10 7 14 0 9 10 12 4 13 6 17 5 15 8 9 12 20 22 14 20 13 12 15 13 43 19 29 23 37 54 42 35 
24 1 2 2 7 3 14 14 12 9 16 6 1 14 14 13 11 14 3 13 14 11 3 23 11 20 3 4 15 5 5 20 20 14 13 16 27 26 20 29 28 26 50 
25 1 2 5 1 0 6 2 13 14 5 14 10 12 14 12 6 15 21 15 10 13 9 30 20 11 16 12 14 12 9 11 14 19 30 28 26 28 31 36 
26 0 1 7 7 6 11 11 0 11 1 10 17 13 3 12 19 6 7 0 2 10 8 4 13 14 25 5 14 2 11 10 27 7 5 34 16 18 32 23 32 30 22 
27 2 2 4 3 7 0 0 2 3 12 7 6 3 5 20 7 13 12 9 13 7 23 11 9 3 27 7 19 17 1 19 16 7 2 27 10 11 11 14 15 14 11 12 13 28 45 27 126 
28 4 1 8 9 11 13 6 6 16 19 11 14 19 14 13 15 14 5 15 11 6 14 12 11 12 18 25 12 12 13 26 22 23 23 
29 2 7 3 9 10 9 15 4 6 13 12 11 14 4 8 6 19 18 13 17 13 3 12 19 10 13 25 13 15 24 21 
30 5 1 15 9 14 11 12 12 6 1 9 2 5 14 13 7 16 0 11 0 7 5 6 7 14 8 13 2 6 1 14 14 12 8 11 10 40 34 33 23 24 35 99 
31 2 1 2 5 2 11 14 11 12 7 6 14 1 13 11 4 11 3 6 22 18 10 14 8 10 7 26 13 11 14 28 28 26 27 32 35 40 45 
32 1 1 5 8 6 11 3 16 20 2 20 13 14 10 12 5 14 12 11 8 3 5 14 14 26 12 17 11 13 13 13 14 14 96 
33 7 9 10 3 0 12 10 14 12 0 10 4 3 11 4 4 14 2 12 4 13 17 14 8 14 4 8 19 12 23 32 9 13 27 31 14 20 
34 0 4 5 12 2 14 10 17 1 15 19 22 12 6 17 5 9 14 14 -1 19 8 30 22 34 36 22 27 27 35 29 44 
35 5 6 6 5 11 15 9 3 6 6 10 5 14 13 4 8 2 22 17 11 24 28 13 7 18 33 21 12 27 15 17 40 37 
36 2 3 8 6 7 3 5 13 14 5 2 7 15 17 11 0 6 6 21 12 14 14 5 16 12 12 10 11 14 27 14 15 14 26 27 24 41 34 31 35 43 45 
37 0 2 4 7 8 0 8 2 8 13 12 8 3 13 7 13 8 10 1 21 2 9 6 18 7 11 19 11 14 18 13 13 24 17 14 13 19 41 27 56 
38 3 6 0 4 7 12 14 13 7 15 4 14 17 5 6 9 5 2 11 3 13 10 11 16 4 27 25 1 10 26 7 11 13 10 15 13 18 16 14 9 13 13 13 20 24 27 28 40 28 37 
39 5 6 9 2 11 13 14 13 5 3 2 8 7 18 13 10 12 2 7 18 16 14 14 1 16 14 13 10 14 12 16 7 15 10 11 13 7 31 13 21 14 35 34 47 40 
40 7 8 8 3 7 11 3 8 9 2 14 11 7 15 5 1 14 14 13 16 8 13 11 6 5 6 7 13 10 9 8 7 21 0 9 14 24 4 13 7 27 11 14 8 14 27 14 17 12 13 13 28 12 22 22 13 12 12 13 14 40 25 34 40 
41 5 5 5 7 1 9 7 9 1 15 4 0 6 6 13 4 3 0 7 20 6 1 10 11 13 3 5 7 2 11 14 16 20 4 16 32 12 9 13 15 13 11 36 32 19 39 
42 3 5 12 10 14 4 7 6 6 13 5 5 2 12 18 16 3 3 9 13 13 10 10 9 1 12 7 9 1 14 7 14 7 7 10 7 18 13 15 14 13 17 11 13 29 20 14 24 24 32 
43 10 7 8 3 14 8 12 4 10 8 7 5 1 14 5 0 8 6 20 9 11 17 1 17 14 10 12 7 4 2 6 7 14 12 8 6 14 13 15 24 7 9 20 10 27 14 11 14 10 20 11 23 16 29 24 44 42 
44 0 1 3 1 1 2 3 2 6 2 6 1 1 2 0 1 4 4 4 5 3 6 9 7 7 3 6 8 10 8 6 7 6 9 9 11 7 5 1 14 7 8 8 10 5 3 11 9 9 10 12 7 10 10 10 13 7 9 0 12 12 13 14 7 10 14 13 13 13 0 8 0 12 12 10 12 6 13 11 12 2 4 13 15 5 14 14 5 12 7 14 14 13 12 12 8 14 13 13 0 15 1 1 7 14 4 13 13 14 5 13 7 6 19 5 9 3 13 2 14 11 5 7 3 11 4 8 1 7 12 0 7 3 5 4 14 7 7 11 2 11 21 12 12 13 6 10 9 6 11 5 15 15 14 6 13 8 13 7 3 7 3 8 9 17 8 4 5 13 12 13 14 12 14 7 13 19 14 26 8 9 14 14 13 14 14 21 11 15 9 14 9 14 9 13 14 13 9 9 15 12 14 13 13 16 11 14 13 39 15 21 14 12 14 18 16 23 13 18 20 21 19 17 18 20 20 20 22 27 27 28 42 39 
45 1 2 2 4 5 6 5 7 7 7 6 1 7 2 7 2 2 2 6 6 1 6 5 4 10 7 4 13 4 8 14 7 7 3 13 13 11 8 0 1 6 6 6 0 11 13 7 7 6 1 6 13 3 5 13 5 12 13 13 5 14 11 13 14 11 15 7 4 11 17 13 1 1 1 0 2 13 14 14 14 9 9 13 15 10 7 3 7 12 8 5 3 10 14 13 3 13 0 14 15 8 14 17 7 8 0 14 13 3 13 2 4 14 13 3 6 14 8 14 1 4 6 11 14 5 13 13 7 14 11 2 13 22 14 8 6 12 14 19 22 7 0 12 13 14 24 7 20 14 8 13 1 3 14 8 7 11 11 13 14 14 7 3 14 7 13 17 20 11 4 16 13 14 3 5 14 9 27 14 14 8 16 6 10 7 14 9 17 9 15 13 6 16 6 10 22 17 7 7 12 14 13 12 14 13 14 13 14 14 10 19 19 12 14 15 11 13 14 14 12 14 13 15 17 23 12 15 13 13 13 13 16 17 14 14 16 18 38 20 32 22 34 23 25 
46 1 2 2 3 1 7 6 7 8 3 4 4 7 9 6 9 1 10 7 4 3 3 3 1 12 10 10 8 8 8 7 7 4 10 7 10 13 12 14 6 4 14 14 8 14 3 14 2 14 12 5 11 3 10 16 5 13 2 15 13 1 12 13 7 12 3 8 9 2 7 17 15 4 14 12 17 14 14 2 14 9 12 12 2 8 2 3 6 13 14 5 1 4 7 13 2 5 7 7 7 14 6 12 5 5 12 18 0 6 10 14 10 5 13 5 6 3 5 15 12 8 13 11 6 19 9 2 14 3 14 14 13 11 13 14 4 11 13 6 1 11 13 11 7 10 27 17 14 13 4 20 12 3 6 13 10 18 12 12 8 12 4 8 3 16 11 10 3 3 5 8 8 19 10 9 13 6 12 13 11 10 5 13 14 13 18 12 7 14 16 16 14 13 18 15 9 13 21 11 14 14 16 11 16 31 16 14 13 16 13 14 36 13 12 14 16 15 14 25 14 13 14 29 23 20 26 27 32 32 63 90 
47 0 2 2 2 4 6 6 2 5 5 6 3 4 9 3 7 6 6 5 6 3 6 9 10 12 13 2 3 8 8 5 4 13 7 10 5 3 14 12 14 0 1 5 14 11 14 14 0 14 10 8 12 16 12 12 13 14 6 6 6 1 7 9 14 13 4 2 3 1 14 12 6 13 10 4 16 12 13 6 17 3 9 13 0 3 13 10 0 13 7 9 4 10 5 11 3 11 8 3 13 13 9 2 7 16 15 12 9 10 13 5 16 4 18 13 11 10 12 10 15 13 7 9 2 16 12 7 4 13 14 21 2 2 7 2 7 8 14 8 17 1 12 18 9 13 9 4 13 6 4 13 13 5 4 2 14 7 4 13 13 6 12 5 9 5 11 13 7 13 13 15 14 13 12 11 5 14 12 16 22 13 11 7 7 14 36 18 17 21 10 7 10 7 8 20 12 10 14 12 14 18 14 12 11 19 14 14 30 12 15 14 14 21 36 22 22 50 40 37 35 43 43 42 
48 0 4 2 2 0 5 2 5 6 4 1 0 7 7 4 4 4 2 6 9 8 8 7 2 7 9 3 6 3 4 8 11 9 10 6 5 3 8 4 7 7 10 3 13 7 10 14 14 14 7 4 1 1 5 10 14 14 8 14 10 8 11 14 4 15 13 9 13 4 12 6 4 17 13 6 7 6 13 7 13 13 14 11 13 6 5 6 8 4 1 4 18 19 2 14 13 17 7 1 9 13 14 0 14 3 2 15 13 12 13 4 17 12 0 8 9 1 20 6 6 0 4 6 14 17 13 6 16 21 14 14 8 16 14 17 14 19 11 6 9 13 7 9 7 0 19 7 12 2 16 12 7 2 6 9 18 3 11 29 11 28 11 13 26 9 6 9 16 22 4 13 13 13 12 13 34 21 13 13 14 12 6 11 13 13 27 24 14 10 9 10 10 10 12 14 37 13 14 12 12 13 34 20 14 32 13 32 13 14 37 17 20 21 26 28 41 24 37 27 36 28 28 27 26 33 28 28 31 33 40 43 43 42 
49 0 3 5 6 6 2 0 6 2 8 8 3 7 10 7 0 7 9 5 8 1 7 11 6 5 1 7 11 6 10 5 13 8 14 14 14 8 16 7 6 16 18 11 6 8 11 4 14 13 2 1 6 11 9 18 13 11 2 14 13 1 21 10 1 14 4 3 10 3 8 8 12 11 13 11 13 9 4 9 12 2 9 10 6 10 14 11 12 18 24 10 9 26 12 5 13 4 11 0 8 2 3 8 20 13 5 11 13 5 11 7 13 7 4 6 9 9 12 7 14 6 29 5 5 7 8 8 11 11 8 11 30 8 13 13 21 11 10 12 13 13 12 27 13 13 12 19 11 14 28 14 14 14 40 30 29 18 37 36 42 35 29 35 28 42 34 46 34 43 62 44 
50 3 6 5 2 4 4 5 7 3 7 7 7 6 8 9 10 13 4 8 10 12 12 12 11 10 3 10 7 13 4 12 3 7 14 7 11 7 8 5 3 12 13 16 13 2 6 8 12 7 12 7 14 5 6 11 8 13 11 3 3 7 5 14 4 3 12 13 7 4 13 6 9 13 16 16 9 12 7 10 9 14 8 9 13 4 13 8 13 6 14 17 5 10 4 6 11 17 7 5 4 21 11 4 3 10 0 13 8 28 23 7 14 7 20 3 17 14 28 7 14 7 3 15 4 12 27 8 12 13 4 15 16 4 8 18 13 11 6 16 12 27 13 7 14 13 13 24 8 10 28 27 13 12 19 11 28 13 25 12 22 14 14 14 13 29 34 25 17 28 29 37 28 37 33 25 25 28 29 49 39 42 113 
51 1 0 3 7 5 4 7 6 4 7 8 0 3 1 7 6 3 8 7 6 2 3 1 6 2 2 7 0 2 13 3 8 6 14 11 12 10 13 5 13 6 9 14 9 7 0 3 14 6 3 14 0 14 12 4 11 4 14 5 2 6 11 13 16 11 17 9 9 7 4 9 12 11 11 5 13 11 8 14 7 2 14 6 14 14 6 2 12 14 13 18 1 1 14 8 6 13 13 18 10 14 14 5 18 21 23 16 25 19 7 12 17 2 19 7 8 4 7 19 11 11 22 12 6 9 14 8 27 13 14 13 7 7 15 13 19 23 11 14 12 18 11 11 13 25 12 14 34 13 29 17 35 16 15 14 13 24 16 16 40 37 21 28 25 37 25 24 37 27 33 
52 0 4 5 6 1 7 3 0 7 3 3 4 10 12 2 14 8 14 6 1 13 3 8 11 10 14 1 9 11 2 2 9 8 3 16 17 10 7 7 18 2 6 6 14 9 3 3 2 21 5 13 6 14 12 5 13 14 7 14 7 11 17 6 4 3 10 4 7 0 5 27 20 8 14 12 13 15 14 4 17 28 13 10 29 16 5 21 20 28 5 18 6 26 14 11 27 19 10 14 20 10 13 12 16 20 13 12 20 13 12 10 15 14 28 21 14 14 19 35 23 21 26 20 27 29 24 20 34 19 39 28 30 27 27 36 
53 0 2 2 0 8 8 8 1 2 7 2 4 3 3 13 5 11 4 4 2 14 6 5 5 4 7 2 13 13 15 14 4 13 10 11 18 13 14 3 12 4 21 11 8 10 12 2 13 2 14 12 15 3 8 1 13 6 3 25 3 14 14 10 14 2 2 8 5 17 6 3 27 17 9 11 14 4 14 5 9 8 32 13 20 14 16 18 4 12 21 13 5 12 7 10 8 6 32 9 14 19 35 9 17 11 10 24 21 9 11 13 9 9 13 10 11 14 14 13 14 15 14 20 13 14 14 13 15 19 20 24 22 21 24 27 19 23 23 45 42 35 41 
54 0 0 2 5 4 3 5 3 7 7 6 6 6 11 7 5 12 7 9 9 12 4 12 5 7 6 9 6 15 5 7 4 14 2 4 2 11 13 11 13 5 2 11 0 10 3 3 8 19 17 5 1 12 4 9 7 9 12 14 5 13 7 6 18 10 7 9 14 4 8 5 13 25 8 5 5 0 10 13 14 20 10 14 15 6 24 8 13 19 15 14 10 13 3 21 29 10 14 19 10 21 10 16 11 19 9 21 34 8 13 13 11 25 11 26 12 12 27 14 12 16 14 27 15 24 37 25 21 20 19 20 39 34 35 39 31 38 38 
55 2 1 3 8 1 6 6 4 6 11 11 9 10 13 12 14 3 3 15 5 6 0 16 8 14 13 4 9 6 17 14 16 13 9 20 12 9 4 17 6 19 14 7 15 0 13 16 15 6 13 6 7 1 3 7 12 14 13 17 5 6 9 0 2 13 13 10 13 13 7 12 15 12 1 10 12 5 16 2 2 9 10 14 21 12 4 13 21 32 33 10 25 14 11 8 14 12 12 9 15 8 14 12 10 13 14 12 13 13 25 30 10 12 10 11 28 26 28 21 13 14 14 13 14 26 33 34 33 34 37 39 45 46 49 
56 1 1 1 3 5 5 1 1 2 1 11 5 3 9 11 6 5 8 3 10 13 14 7 10 3 2 14 12 12 8 13 13 11 5 1 13 13 14 12 3 18 18 18 6 6 7 10 10 4 11 9 14 17 1 6 19 11 3 4 7 9 25 4 6 6 3 4 26 6 14 14 11 3 9 7 2 29 11 27 14 17 14 12 5 13 7 34 34 17 23 15 13 14 11 28 15 14 24 28 13 14 14 41 14 14 25 27 26 37 25 26 36 29 28 
57 4 7 0 1 4 7 3 2 5 1 1 4 4 13 6 14 3 13 10 2 4 14 16 0 0 13 7 18 4 3 6 21 8 20 8 12 6 14 13 11 5 13 8 13 13 2 15 5 12 2 19 9 14 22 5 15 14 14 11 5 14 11 11 13 10 7 11 5 3 6 21 15 6 11 16 6 14 4 13 6 14 9 6 10 28 14 22 7 10 28 10 29 28 11 25 16 17 12 14 19 14 13 14 14 18 13 16 25 28 25 43 29 42 51 41 50 
58 1 7 5 6 6 8 6 5 11 10 11 13 3 7 7 3 9 4 9 7 2 2 13 11 4 14 12 14 7 4 20 20 1 13 15 7 7 7 10 4 6 7 15 12 26 11 7 8 13 5 7 4 7 6 16 22 7 10 9 11 16 9 14 14 10 10 11 29 12 14 7 5 3 12 13 12 28 14 14 14 16 18 6 17 9 16 30 35 11 36 29 14 14 14 19 17 18 24 38 24 27 26 33 44 52 
59 5 4 2 4 6 7 8 13 12 14 12 14 9 13 14 8 13 12 13 1 14 12 14 0 0 12 3 3 8 13 13 0 13 9 17 5 5 11 18 14 4 14 15 23 1 6 10 13 14 10 10 9 2 20 13 4 0 14 14 17 3 5 5 8 8 27 18 10 13 9 13 9 24 14 12 35 12 12 37 23 30 28 21 28 22 36 25 35 
60 2 0 8 7 6 10 4 0 3 3 10 6 9 1 6 10 16 14 5 8 13 7 8 5 19 17 14 12 14 6 4 14 7 4 6 10 13 21 18 6 19 17 11 9 12 27 12 27 4 11 18 23 7 10 16 10 15 20 18 14 14 12 19 30 9 17 8 36 13 15 10 17 40 33 27 37 36 
61 0 5 6 7 7 8 5 13 19 8 11 1 11 18 6 7 6 13 3 16 14 10 14 9 10 3 14 18 14 14 6 5 25 21 13 20 8 3 15 13 4 14 12 8 28 18 10 11 14 16 29 14 25 16 12 13 7 17 15 10 16 13 10 15 19 15 14 24 13 21 28 20 41 29 39 38 65 
62 2 3 6 7 0 7 1 6 8 7 8 11 12 8 4 7 7 12 0 13 4 6 11 10 16 16 10 14 11 22 7 5 8 13 11 7 10 14 5 6 4 8 3 7 12 18 18 5 13 21 3 12 13 16 6 11 4 13 11 20 13 6 21 15 8 13 17 27 8 14 12 11 20 18 30 35 50 48 48 29 41 55 
63 5 4 6 6 1 8 10 6 2 11 7 13 4 6 13 10 3 14 14 5 6 12 7 15 7 14 14 13 12 8 16 15 12 18 14 0 13 4 2 20 3 13 14 10 17 12 5 3 25 14 18 12 7 7 17 7 11 16 7 0 8 13 8 11 11 14 7 4 7 21 13 5 5 10 21 10 13 30 13 13 18 14 14 22 42 29 
64 5 2 2 0 8 6 14 7 6 14 13 13 1 16 15 6 10 13 14 13 11 4 14 15 13 10 7 11 20 11 12 8 13 5 12 11 10 19 13 13 14 7 5 2 13 12 13 20 21 27 26 14 13 12 14 14 17 18 24 40 24 35 47 201 
65 4 7 5 4 9 6 14 15 4 12 13 7 3 7 3 11 12 18 2 11 13 18 14 10 7 6 11 13 13 14 8 14 10 26 13 9 5 25 6 16 13 5 14 14 2 12 11 20 14 5 28 6 9 9 16 8 10 9 28 11 11 17 14 28 14 23 13 14 14 21 28 25 35 18 40 26 27 49 50 
66 3 4 6 7 6 1 10 9 8 13 11 5 1 6 12 5 7 2 6 14 7 11 8 1 6 11 14 8 14 8 13 14 17 13 7 7 8 2 12 2 14 1 8 12 17 17 9 10 14 21 5 13 13 11 25 17 11 7 6 21 7 7 9 12 14 24 9 14 16 10 23 15 15 12 41 20 29 19 28 28 28 35 39 39 29 
67 3 5 4 1 8 10 12 7 12 2 14 10 7 9 11 14 7 7 9 16 15 0 6 13 11 18 2 0 3 13 9 3 4 10 5 4 13 13 14 6 10 11 14 6 5 24 29 8 13 13 3 3 2 4 8 9 13 21 14 6 13 13 14 13 13 13 7 9 7 13 12 12 13 14 13 18 27 21 24 28 24 20 44 39 29 32 39 30 
68 6 2 5 10 11 11 8 13 3 5 10 8 4 0 7 8 10 16 12 10 6 7 6 19 15 15 14 2 12 13 18 16 4 2 6 4 11 8 20 14 22 14 13 11 11 15 9 27 13 6 6 12 12 10 6 12 10 13 29 10 28 13 27 13 18 21 19 36 32 40 
69 1 0 3 7 8 7 9 14 5 2 6 8 8 14 6 14 9 13 13 4 20 14 14 14 0 23 13 19 20 11 14 13 15 5 24 13 5 20 7 22 8 8 12 15 17 21 22 38 28 29 38 20 
70 1 1 1 4 4 3 1 7 0 5 4 4 7 14 11 9 11 13 14 10 11 12 15 13 0 9 14 14 10 14 21 13 0 6 11 13 4 0 14 16 15 20 12 0 8 25 14 14 9 14 5 35 9 14 29 21 17 13 40 40 40 25 22 27 20 38 
71 4 5 4 10 10 7 8 1 4 5 7 5 13 12 17 13 9 18 6 25 14 21 11 12 12 8 13 7 7 20 0 
