0 
1 
2 0 2 2 2 2 3 2 2 2 2 4 2 3 4 3 4 4 4 6 7 7 7 8 7 9 9 8 9 10 9 10 10 11 12 12 12 12 13 13 13 15 13 14 14 14 14 18 
3 0 0 2 3 2 3 4 3 3 3 3 4 6 6 2 4 5 5 7 5 7 5 7 3 7 4 3 6 4 7 1 4 5 5 9 4 7 7 8 5 9 2 5 11 3 7 12 4 4 14 14 1 13 2 9 14 3 5 2 12 0 13 15 14 4 14 13 7 5 16 13 14 7 3 6 13 9 6 13 9 0 13 14 7 12 17 14 6 8 13 10 9 13 9 9 3 7 11 14 10 11 7 5 13 13 8 5 13 9 13 13 5 12 13 11 14 12 13 2 7 14 13 13 7 2 6 14 5 3 7 15 5 10 13 7 7 5 3 14 2 12 10 6 4 10 13 7 18 4 9 14 7 14 7 14 6 9 5 13 11 13 4 13 12 7 7 7 3 10 5 14 6 13 11 14 15 14 18 11 7 11 12 16 28 13 13 10 12 9 15 8 11 14 14 9 10 16 12 13 14 11 13 14 13 13 15 18 16 17 28 28 
4 3 2 6 1 6 0 2 7 4 6 8 7 8 9 11 2 9 2 6 8 11 13 5 9 7 6 13 7 9 5 0 9 6 13 3 7 6 5 15 5 15 14 14 5 9 13 6 12 7 12 8 17 6 7 13 14 1 4 4 17 14 16 5 13 17 14 13 7 6 0 12 13 12 13 13 11 9 9 17 1 0 7 8 7 13 13 16 4 3 12 8 12 12 11 9 5 19 6 9 14 15 14 13 14 15 7 9 15 5 14 5 0 8 4 16 6 3 15 8 9 8 14 6 7 13 2 3 8 3 7 10 14 7 9 27 12 6 4 10 7 4 8 11 5 11 6 13 19 12 5 7 12 12 6 10 12 11 14 11 14 14 13 10 12 12 12 29 13 13 16 12 13 14 33 26 27 25 27 26 62 76 125 
5 1 4 5 5 0 7 0 7 8 7 1 2 7 5 3 11 11 5 0 7 8 6 0 14 14 14 10 3 14 14 14 6 2 13 10 4 13 7 13 6 4 10 13 13 11 2 17 15 8 14 7 9 6 13 10 5 14 4 5 14 18 7 13 4 17 3 5 6 7 10 3 12 3 3 7 11 2 10 9 17 21 14 2 2 12 12 4 3 4 14 7 1 6 6 13 1 20 5 7 14 6 9 4 3 8 15 9 19 13 6 0 6 15 14 17 14 11 14 2 7 13 3 12 11 14 6 11 22 14 10 13 13 3 11 3 8 5 13 13 8 5 8 7 9 13 13 8 14 5 12 13 10 6 6 10 14 15 6 14 15 13 11 12 14 9 12 20 11 10 17 13 10 13 11 17 12 18 13 29 19 28 23 33 
6 1 3 4 2 7 4 5 7 7 6 4 7 6 2 2 4 6 1 4 5 8 9 12 2 6 0 13 13 12 4 4 6 2 14 13 4 14 5 7 13 4 5 5 5 15 10 11 9 9 17 6 4 5 14 7 9 7 14 17 8 13 8 12 9 15 2 1 6 8 18 6 8 14 6 7 6 4 14 8 2 13 14 21 13 11 11 2 11 13 13 18 19 13 5 6 14 4 15 4 10 16 14 7 13 9 9 15 9 7 6 14 13 11 1 13 6 4 10 7 3 16 4 4 2 0 2 8 12 5 13 11 13 6 5 15 15 15 9 13 2 4 7 13 6 11 6 11 14 6 11 7 6 14 22 13 8 6 6 11 12 16 12 14 12 14 7 12 10 7 11 13 8 12 13 13 13 16 13 13 14 12 13 15 11 12 34 43 21 14 14 29 25 20 38 70 
7 1 1 1 2 1 3 0 5 3 2 6 4 7 7 6 6 7 1 4 8 3 10 1 6 12 5 11 4 3 5 3 1 7 12 9 0 6 4 4 14 3 14 12 1 8 11 4 14 3 2 14 7 7 14 10 14 5 10 5 12 14 13 5 6 13 4 5 12 8 13 14 1 4 2 2 12 14 7 10 6 12 5 8 7 10 5 14 13 15 14 18 14 19 21 28 21 20 20 19 19 19 15 12 18 13 11 15 23 14 20 20 13 13 18 36 15 17 16 28 20 20 13 24 27 17 17 19 29 18 24 20 18 28 15 17 29 19 27 26 23 23 26 20 32 27 25 29 28 35 54 42 38 58 76 
8 1 1 1 3 3 3 5 3 4 6 3 8 7 3 7 4 7 1 8 12 10 9 9 11 9 6 4 7 6 7 13 11 11 14 1 12 8 5 13 12 1 12 10 8 2 11 11 4 3 14 12 11 13 9 13 8 13 12 7 8 13 8 0 1 11 15 9 13 5 15 16 17 17 15 11 13 9 4 14 8 11 9 10 22 12 5 12 14 18 8 12 10 4 13 5 13 3 3 6 13 20 8 11 3 18 13 5 5 14 28 14 6 23 15 13 24 13 14 13 10 14 12 8 11 18 8 13 13 10 13 12 13 14 12 11 13 21 34 21 21 24 27 28 28 30 62 64 
9 0 1 0 2 1 2 4 5 3 4 4 6 6 3 2 4 6 6 9 5 8 10 6 6 9 11 7 4 14 5 14 13 14 13 5 14 14 13 9 7 7 11 15 14 7 14 13 7 13 12 10 14 6 13 13 14 2 6 14 19 11 9 3 7 15 12 3 5 11 9 1 10 7 3 7 8 13 11 0 13 9 12 9 11 6 17 6 11 3 13 12 7 7 16 14 2 1 12 5 13 5 7 10 7 10 13 14 14 27 15 7 15 13 5 14 7 8 13 13 9 5 13 13 14 17 13 13 9 14 8 7 12 6 12 26 14 13 6 6 22 12 10 23 13 17 14 14 9 13 14 9 17 11 13 13 14 12 14 18 13 17 22 16 16 28 28 34 24 35 50 
10 0 3 2 2 6 2 4 7 7 3 10 11 5 3 8 5 5 10 13 9 4 1 5 9 14 7 3 5 7 10 14 14 8 14 8 14 15 14 9 13 13 11 0 12 4 14 12 2 14 6 12 8 14 3 4 10 15 17 10 12 17 1 11 7 4 13 6 4 2 13 10 13 16 2 7 19 24 13 6 6 16 13 3 13 3 10 10 16 10 9 6 27 7 2 7 13 8 1 7 3 13 7 0 0 15 15 8 13 2 7 13 13 15 14 6 3 13 13 13 6 4 14 10 3 28 19 6 7 14 9 15 15 14 13 12 14 13 12 9 14 10 10 10 9 13 7 13 17 14 14 28 15 9 15 11 11 14 13 17 13 14 28 19 13 15 15 13 25 16 29 18 29 31 46 
11 0 3 2 4 5 1 3 6 6 3 4 1 6 4 4 2 3 3 1 6 7 0 7 10 5 3 6 3 14 11 13 11 4 11 13 4 11 9 13 14 11 9 12 6 2 12 7 2 5 3 6 7 10 8 15 1 3 7 5 5 6 2 5 12 2 7 8 14 9 9 7 9 13 6 6 6 0 6 5 15 8 12 7 5 4 15 24 5 3 3 15 12 5 6 6 14 9 16 4 14 6 9 18 15 21 17 12 6 12 1 13 21 25 4 14 4 4 12 15 5 15 18 9 3 13 3 7 5 3 6 13 7 4 28 6 4 6 4 6 8 14 23 7 11 6 14 7 9 7 26 13 8 15 28 7 8 27 17 17 8 17 13 7 13 12 11 24 36 10 12 12 27 20 16 14 13 35 15 24 35 26 29 18 40 48 40 36 28 50 28 41 32 45 40 47 63 
12 2 4 2 3 6 3 5 2 4 5 7 5 5 4 3 4 3 3 7 5 9 0 6 2 4 7 0 7 9 11 2 5 9 3 10 12 12 5 0 12 11 7 6 4 12 1 3 12 5 8 12 7 15 8 13 4 9 6 13 2 9 13 1 15 6 8 3 7 15 15 10 12 14 14 17 14 13 4 4 17 1 7 11 9 9 13 13 7 9 8 14 14 5 3 0 11 13 13 12 10 2 11 22 11 3 4 15 5 13 15 8 8 16 6 13 12 2 3 14 14 1 13 13 5 5 20 12 7 3 11 7 1 10 8 11 3 10 3 10 6 4 3 6 4 12 27 21 7 12 18 12 8 7 14 14 16 9 12 9 12 34 6 10 22 34 28 10 27 9 7 14 20 30 12 11 12 28 28 28 20 14 39 14 12 13 27 13 14 17 31 26 26 35 36 26 34 23 27 27 29 41 27 30 40 33 36 33 41 42 42 47 68 
13 3 3 5 1 4 2 7 1 7 1 4 2 6 5 3 5 7 8 10 10 3 10 11 14 13 12 10 9 12 9 4 13 11 4 7 8 0 0 10 4 6 12 13 5 10 17 12 8 11 6 13 4 14 13 4 13 15 14 13 14 2 4 1 4 14 4 2 13 3 13 6 13 5 12 8 10 7 15 4 13 1 4 13 15 11 5 13 12 13 2 3 6 6 1 3 20 4 11 6 1 1 13 13 9 15 2 2 7 4 13 0 18 4 2 13 13 8 1 6 9 8 10 3 9 3 4 8 13 22 6 7 11 9 15 5 14 7 5 10 7 12 12 26 32 18 9 10 14 13 27 19 26 35 12 14 14 14 15 29 14 12 13 11 14 16 15 18 13 12 14 16 32 27 30 20 19 20 39 30 25 28 29 26 41 56 63 
14 2 2 2 2 2 3 0 3 1 2 1 0 5 4 3 3 7 3 9 2 2 9 3 5 10 7 8 5 4 3 7 3 6 2 6 6 11 12 1 7 10 6 10 14 8 3 3 10 10 13 16 17 9 5 3 2 8 2 3 14 9 6 13 1 13 16 2 7 12 14 1 2 19 8 3 8 13 21 8 20 12 8 9 2 16 2 13 7 20 13 2 19 8 6 2 9 9 4 12 15 2 7 20 14 18 4 3 13 10 11 3 3 15 3 16 4 10 8 1 4 6 6 3 5 13 9 13 5 12 27 10 20 3 5 7 13 5 10 10 3 7 19 8 5 7 16 13 35 14 16 7 12 6 25 13 28 35 19 13 14 8 28 20 15 13 7 13 11 12 11 12 27 27 11 25 12 13 30 13 13 13 25 14 35 34 27 27 27 27 29 33 36 34 22 25 44 43 29 23 24 28 56 41 42 31 42 38 40 71 98 
15 0 2 3 3 5 6 8 7 7 1 5 9 0 10 7 10 8 5 5 5 12 2 5 4 11 12 3 3 1 9 6 9 14 15 15 3 11 4 6 14 7 8 5 8 2 14 14 7 6 10 5 10 9 7 19 4 15 7 11 14 12 2 1 14 16 12 10 12 13 17 14 5 9 7 3 21 14 7 17 14 6 13 12 5 19 13 1 5 3 12 3 10 5 11 13 9 27 6 9 13 19 18 9 14 9 6 2 6 14 6 9 6 13 16 22 9 13 8 7 5 6 4 13 5 11 11 11 11 28 13 14 15 10 10 22 20 13 14 18 14 14 23 33 19 39 27 41 27 28 22 28 20 35 19 35 26 37 35 29 37 24 34 45 36 42 51 
16 3 3 3 0 5 4 4 3 9 9 9 1 10 3 10 3 9 0 12 12 14 14 11 11 2 10 8 0 6 13 3 14 2 12 7 5 13 12 3 6 10 13 14 7 1 14 6 7 6 13 10 0 13 3 11 14 13 5 2 0 13 14 17 8 4 15 17 7 14 5 8 9 12 8 6 13 12 12 13 1 3 13 9 13 5 12 15 14 9 13 8 6 9 1 10 11 5 17 9 11 4 12 14 13 4 22 4 14 34 9 11 13 14 35 14 8 27 13 20 10 12 13 23 24 11 14 38 12 15 15 35 14 17 23 16 25 24 24 42 39 36 21 35 
17 0 0 3 4 5 4 0 3 3 5 5 7 6 7 9 4 10 10 10 6 7 10 6 1 13 4 13 5 5 3 12 10 5 5 14 2 4 2 8 11 17 7 3 13 10 8 16 15 13 0 6 17 0 3 14 14 7 8 6 13 1 9 6 5 10 3 6 19 7 4 22 12 4 19 11 12 5 14 4 5 4 9 12 27 28 12 8 6 5 14 18 15 20 11 27 13 11 14 15 14 17 27 11 12 12 12 14 22 14 13 14 37 27 19 29 16 27 21 42 47 55 42 56 
18 4 5 3 5 5 2 2 7 3 5 10 10 7 1 5 2 1 11 4 15 8 7 6 8 10 9 11 17 15 5 3 3 2 5 9 14 0 4 11 2 9 13 4 6 2 2 1 3 12 7 8 9 23 14 4 0 12 22 16 10 7 7 3 24 8 6 12 19 7 10 5 5 15 13 7 13 8 27 22 14 11 5 3 11 8 12 13 13 11 6 13 8 12 11 11 8 24 13 27 12 15 14 41 24 11 13 27 43 16 20 17 21 34 23 34 28 31 27 31 37 36 37 47 66 
19 2 1 6 1 4 3 0 6 7 2 3 10 1 7 10 5 1 10 9 3 9 6 14 10 7 12 8 0 7 7 12 7 3 2 2 10 3 15 12 13 9 11 11 5 23 14 4 13 3 16 20 12 11 20 9 8 11 7 13 13 1 15 0 28 6 3 14 7 21 10 17 19 26 14 10 11 7 6 18 12 13 7 10 13 18 14 19 15 26 16 14 37 22 13 20 27 35 38 39 21 33 35 63 34 43 
20 2 1 2 3 3 3 4 5 2 3 1 9 0 4 7 1 6 1 13 14 14 6 11 3 10 3 9 12 2 1 12 7 12 4 4 12 7 4 6 12 9 7 3 7 4 3 6 5 3 4 1 4 9 7 8 1 6 12 5 10 1 4 8 5 1 9 11 11 18 7 14 13 14 13 9 20 14 13 27 4 13 14 14 4 14 12 6 20 23 31 17 15 9 14 13 10 11 14 20 12 28 14 21 27 20 24 35 25 36 41 63 74 
21 1 2 2 0 1 2 4 7 1 1 1 8 2 5 4 6 2 12 4 7 1 14 3 15 9 2 11 3 11 3 14 6 11 11 12 7 11 9 14 2 1 19 19 14 21 15 6 6 4 9 9 13 14 17 2 13 14 10 14 17 2 27 1 1 12 8 28 1 13 13 13 27 8 4 6 7 6 13 8 13 14 13 16 27 28 15 14 21 13 44 34 28 27 25 37 32 34 27 48 42 71 106 
22 4 3 5 0 8 6 10 5 7 2 1 6 13 6 13 15 13 13 9 3 0 12 14 7 10 4 11 2 16 5 0 5 12 0 9 4 12 15 13 3 1 12 8 9 14 10 12 15 5 12 10 28 12 7 15 13 13 7 17 22 11 13 13 14 10 8 9 12 10 7 17 18 15 22 13 16 19 38 16 39 28 29 29 39 45 63 
23 0 5 6 9 6 4 3 9 3 9 3 7 5 3 15 8 14 18 14 14 6 2 17 7 6 2 14 4 7 17 7 24 10 5 13 26 16 8 1 12 13 13 19 19 12 5 12 5 6 3 21 35 18 31 6 22 8 17 25 14 13 39 11 25 14 13 14 28 17 27 26 21 35 37 35 27 44 40 
24 1 2 3 3 4 7 2 0 2 3 10 11 10 11 4 3 6 7 2 6 13 15 13 0 12 12 17 13 14 18 5 6 21 6 14 0 8 10 3 12 13 4 12 12 6 10 14 12 7 14 11 3 28 2 1 23 4 25 28 6 12 6 6 14 22 9 6 14 34 13 11 13 15 9 13 28 14 32 13 14 31 27 20 31 20 35 23 25 40 29 24 28 32 38 34 34 28 34 40 37 41 50 
25 0 2 1 0 4 3 5 4 9 2 0 7 1 0 13 2 1 7 12 7 6 8 13 16 13 0 2 11 15 8 2 8 3 22 4 14 10 12 15 20 4 2 6 7 2 12 4 7 15 10 7 10 6 14 5 9 9 8 15 8 13 29 8 13 10 8 14 15 13 13 22 16 33 27 21 20 28 28 30 27 50 38 39 
26 4 3 4 7 0 4 7 3 5 12 13 0 13 13 5 12 3 7 7 3 9 7 4 10 5 17 0 10 14 4 5 6 10 4 14 7 16 0 1 3 6 0 0 9 6 12 4 14 10 13 11 11 3 25 23 10 6 8 12 6 6 13 8 7 8 18 10 28 11 11 12 36 14 17 24 17 14 33 37 42 38 62 121 
27 4 2 5 3 4 8 2 5 4 6 5 9 3 11 6 9 0 2 13 6 15 13 10 2 17 4 6 3 15 11 2 2 4 13 12 12 6 2 21 2 10 14 13 1 2 4 11 14 8 10 14 14 8 14 14 13 24 6 27 16 17 7 10 21 8 12 13 7 13 13 19 13 13 27 13 16 41 14 13 28 33 47 45 31 
28 2 4 7 4 8 4 10 12 1 11 13 5 6 13 13 6 0 12 13 14 9 4 8 4 6 2 3 7 6 8 14 11 7 14 8 17 5 14 12 0 29 22 14 10 13 12 11 6 5 4 14 7 7 14 14 10 17 25 11 24 23 29 13 30 21 25 40 18 30 31 37 31 34 42 
29 1 3 7 0 6 3 8 4 2 2 1 14 7 3 4 7 2 13 4 5 13 5 6 2 14 17 3 5 14 13 17 8 0 5 19 9 1 17 6 24 27 3 0 2 13 7 15 3 6 27 14 14 13 34 10 19 30 26 43 38 24 32 37 25 41 40 42 67 
30 1 4 4 5 12 3 12 7 2 9 7 11 5 2 16 1 14 13 13 5 3 14 1 6 6 6 7 12 6 7 28 9 3 26 2 7 12 5 8 10 16 10 36 12 13 13 24 14 25 27 40 28 40 38 63 
31 2 4 2 3 6 2 6 9 5 11 3 11 10 6 5 13 9 3 6 4 13 12 12 7 4 4 19 14 6 11 1 9 3 8 24 5 18 5 9 2 2 8 4 13 8 4 5 11 25 9 8 13 11 16 17 13 13 12 9 30 9 19 17 29 64 
32 0 1 2 2 3 5 4 13 9 5 1 14 14 11 1 13 10 13 4 6 14 20 14 15 13 13 12 8 2 1 13 11 4 11 5 4 8 14 11 5 13 11 33 13 14 33 11 35 29 40 
33 0 2 5 7 5 6 2 6 9 4 14 4 7 5 6 1 17 13 11 20 13 11 24 1 24 7 2 4 8 11 16 8 7 21 12 6 16 21 7 13 29 14 14 28 38 38 
34 4 2 7 0 0 8 2 3 10 5 10 13 9 0 2 14 7 6 0 3 13 3 4 3 11 1 0 11 3 4 3 5 6 14 19 10 7 8 15 24 27 21 13 25 12 19 22 34 35 46 
35 0 2 5 1 4 10 3 6 13 11 2 5 4 11 10 7 3 1 9 14 0 3 12 14 7 19 28 11 3 10 11 16 19 14 11 13 13 13 16 24 29 35 34 35 65 
36 3 4 3 3 2 6 3 6 5 9 9 4 0 13 7 0 12 3 6 14 9 15 9 11 12 2 10 5 12 14 7 9 2 4 2 23 14 4 4 13 17 9 11 21 11 14 19 33 15 34 30 35 41 91 
37 4 7 0 6 5 5 9 8 15 13 3 7 8 5 5 9 13 7 3 0 4 1 8 8 14 27 4 8 13 14 8 13 30 10 11 11 13 30 10 18 40 29 
38 1 2 7 1 6 1 11 13 13 12 17 14 13 6 5 2 3 11 9 17 17 5 12 19 13 6 17 27 27 37 24 43 40 
39 0 9 4 12 7 1 3 10 13 7 7 1 1 4 24 11 8 9 13 13 17 14 10 12 6 12 13 28 18 39 41 
40 7 2 5 4 6 6 12 3 1 5 5 1 3 20 12 2 15 9 5 7 12 3 2 27 6 12 28 13 10 13 10 7 11 14 14 34 28 22 
41 1 8 4 6 5 6 6 1 3 13 9 3 18 9 4 6 7 5 3 6 13 3 2 5 5 18 7 13 12 9 14 14 27 15 45 45 
42 3 8 2 2 8 10 4 13 7 1 9 7 4 4 10 1 3 16 6 7 13 14 10 17 3 6 4 12 5 11 28 10 14 11 10 35 15 12 10 19 
43 2 3 5 4 4 6 0 9 10 3 14 2 10 4 10 8 9 7 4 4 2 14 7 5 6 10 9 14 13 14 13 14 1 9 7 14 20 8 15 7 13 3 4 5 13 3 6 13 20 10 13 13 9 10 5 25 9 6 16 9 7 14 8 15 8 9 14 14 14 19 13 32 14 18 23 34 25 
44 2 7 5 1 8 5 7 2 1 7 4 11 7 13 4 2 7 13 3 4 5 6 13 10 3 4 14 3 5 8 0 13 19 7 12 14 11 0 9 12 8 11 12 5 7 14 24 11 10 6 13 11 9 14 21 11 3 14 13 6 5 20 10 7 22 36 12 19 14 14 14 14 14 21 14 28 29 40 
45 0 0 2 2 3 3 1 5 3 6 11 6 11 5 4 2 13 6 1 14 12 4 7 7 14 6 14 5 13 13 14 3 4 8 10 23 4 12 10 15 4 13 13 4 4 3 14 2 13 4 10 13 6 14 3 19 11 15 11 14 13 12 13 16 14 22 38 34 
46 3 0 6 8 5 2 8 11 14 7 9 0 3 14 4 11 1 14 18 7 0 15 13 9 13 4 8 8 15 4 9 9 7 5 8 5 2 2 6 3 12 21 0 6 7 5 4 27 9 11 13 8 6 7 10 11 5 5 6 12 9 15 14 12 14 12 16 23 40 29 40 38 91 
47 1 2 2 3 7 0 6 7 9 7 11 7 7 8 13 7 11 11 12 14 14 11 14 11 13 7 5 7 17 14 7 6 22 12 21 14 3 12 3 7 13 12 2 14 12 2 30 3 13 12 7 19 15 22 15 10 10 32 13 28 39 23 28 
48 0 3 3 4 2 7 4 8 3 13 12 3 14 7 0 5 8 6 8 14 16 13 10 17 10 8 14 13 6 6 4 19 4 2 3 8 14 13 14 7 27 7 20 8 9 9 7 9 7 8 4 4 13 13 18 14 16 9 26 10 12 43 45 37 41 53 
49 5 2 4 7 3 1 1 7 14 3 13 12 7 3 11 12 5 16 8 11 13 14 4 14 10 3 5 11 23 2 6 7 2 12 14 11 9 11 10 7 5 11 23 16 28 12 7 14 14 13 14 14 16 12 9 13 25 18 28 28 27 27 31 
50 0 1 3 6 6 7 11 12 10 12 5 13 11 4 9 13 11 14 6 13 7 2 20 4 8 7 14 14 13 7 14 25 13 21 11 11 12 19 7 14 7 12 7 14 14 19 15 34 36 42 67 49 91 88 
51 0 3 7 6 6 1 1 8 3 0 8 6 10 3 2 11 13 13 7 12 3 6 8 15 16 26 20 13 1 10 3 6 18 13 2 3 5 12 13 6 7 7 11 13 15 13 19 12 15 16 56 46 
52 0 7 4 6 4 4 7 3 10 1 1 5 13 14 15 14 6 18 14 9 13 14 19 9 12 12 4 13 27 28 20 7 29 8 10 7 12 11 14 28 27 66 90 98 
53 8 8 6 9 13 12 10 8 6 14 13 10 2 9 9 12 11 3 0 14 13 5 1 11 14 13 23 13 7 13 12 13 14 12 14 11 13 21 34 38 36 91 
54 5 3 0 11 9 7 9 4 8 12 7 9 12 20 1 9 13 8 19 4 13 2 14 10 19 7 17 9 7 16 1 8 9 12 8 7 13 6 7 13 14 13 13 14 13 14 17 18 34 40 
55 3 2 4 3 1 1 2 2 6 8 11 2 14 0 13 6 13 8 3 10 15 10 14 13 8 1 4 20 1 7 7 27 20 9 4 10 1 16 12 13 28 14 9 12 15 27 18 15 24 36 20 28 41 
56 0 3 7 1 1 3 3 3 6 6 12 5 5 13 9 13 15 22 5 2 22 14 4 5 8 22 14 5 11 9 11 11 13 34 16 14 14 15 15 21 19 34 29 28 38 29 41 43 41 52 
57 2 0 2 5 1 6 3 6 4 11 2 7 15 9 0 4 1 4 11 14 14 12 13 2 1 5 14 6 15 3 2 2 10 15 15 16 15 21 16 30 20 42 341 
58 1 4 6 6 11 7 5 0 10 16 2 4 6 2 5 2 6 8 6 16 11 6 28 10 3 10 17 11 8 13 15 10 14 62 
59 2 4 7 1 11 11 11 9 12 13 18 4 6 6 14 1 8 24 12 0 23 1 6 20 10 5 35 14 13 22 48 28 38 42 
60 2 2 0 1 4 7 5 4 10 11 4 3 5 4 7 14 8 15 10 4 1 21 14 13 13 1 13 8 10 7 16 35 43 55 36 42 
61 4 2 9 14 15 13 4 10 1 8 9 5 11 19 13 15 15 15 35 
62 3 2 7 8 10 5 11 5 1 7 7 4 11 6 25 11 19 2 10 13 21 14 11 30 48 
63 3 1 4 12 11 11 9 10 8 4 12 11 3 7 10 8 2 6 3 15 8 5 10 16 14 18 27 
64 6 7 5 7 12 1 5 1 17 4 5 23 7 14 15 27 9 7 6 4 7 27 55 
65 7 7 6 7 13 17 0 6 13 13 6 12 23 13 29 12 6 6 34 11 13 11 24 25 21 27 
66 4 2 6 7 3 13 2 6 11 15 6 14 2 10 12 14 6 14 13 45 
67 2 0 4 2 1 12 1 1 5 1 2 13 2 13 1 13 6 8 7 1 3 12 2 0 9 14 3 1 8 10 8 13 15 2 5 6 15 17 21 13 18 8 14 14 11 10 27 14 14 20 19 24 41 28 
68 0 1 2 3 0 3 11 8 13 15 6 11 3 14 2 11 6 15 13 13 7 21 3 13 4 25 5 6 9 22 16 14 13 14 11 21 14 34 42 46 63 
69 1 5 0 1 5 2 3 11 5 10 6 6 6 20 8 10 3 9 7 5 4 6 7 3 4 2 13 12 10 14 8 14 25 13 29 11 17 36 27 39 
70 5 6 4 8 5 12 8 8 15 13 13 4 13 9 9 7 12 6 14 21 12 6 7 10 6 6 4 15 15 21 9 23 30 27 
71 3 -1 16 14 3 6 14 6 13 9 13 17 0 1 17 3 10 20 1 6 
