0 5 
1 0 4 10 10 
2 5 10 
3 17 4 
4 14 24 9 
5 10 
6 4 5 14 19 11 
7 21 15 29 
8 14 30 
9 12 11 17 17 
10 1 10 8 12 
11 13 
12 56 
13 
14 2 2 
15 5 4 10 
16 4 13 
17 11 10 13 17 
18 6 13 
19 8 8 16 
20 17 19 
21 2 11 13 
22 21 35 
23 3 0 3 7 
24 15 16 
25 
26 
27 
28 
29 
30 
31 
32 
33 
34 11 12 10 15 4 10 6 1 4 4 2 3 12 10 6 14 10 
35 6 1 0 12 11 12 5 12 2 13 1 14 5 7 8 25 15 2 3 4 7 11 10 14 27 22 28 
36 4 6 9 0 12 0 12 9 14 5 11 19 13 14 4 3 0 23 11 22 13 1 16 10 1 22 8 7 17 11 13 14 14 12 14 34 
37 3 1 5 4 6 4 7 7 2 4 8 2 4 2 8 6 4 13 10 1 0 11 14 22 12 0 1 4 2 4 11 12 9 14 4 13 11 28 4 13 7 13 8 9 11 14 11 13 16 15 14 14 19 14 17 
38 0 0 0 2 2 5 5 5 5 5 3 11 7 2 13 0 14 14 3 9 7 3 6 0 14 14 7 0 10 3 7 13 8 0 15 7 5 10 0 19 4 13 4 5 12 4 0 1 3 1 9 7 16 13 1 3 7 5 2 2 0 4 14 8 4 5 0 4 8 2 14 0 5 7 6 5 5 6 11 5 7 0 13 27 4 5 4 7 17 2 7 13 8 14 13 8 4 7 7 4 14 7 7 7 11 7 5 6 7 6 16 6 9 10 7 9 4 7 6 10 14 7 5 9 10 11 7 12 8 11 6 10 7 11 7 10 25 11 12 13 11 8 14 14 10 13 12 13 13 14 10 11 14 14 13 14 11 10 11 12 12 14 13 13 12 14 14 12 13 14 13 11 14 14 13 11 13 15 17 11 12 13 13 23 16 14 14 17 19 30 50 56 
39 2 3 5 5 3 4 5 5 5 3 0 6 2 7 2 8 2 9 9 8 5 7 9 7 0 6 2 1 8 2 10 5 3 4 2 2 3 7 4 5 2 7 13 4 8 8 6 14 4 4 14 14 4 4 6 0 6 7 13 13 6 5 3 14 6 1 7 8 7 8 10 14 8 7 2 6 1 13 12 8 7 11 6 8 17 3 5 7 12 14 10 8 0 4 3 10 11 6 14 6 12 12 18 5 13 14 7 7 9 6 14 6 13 0 14 9 13 5 3 6 14 15 9 3 15 7 14 13 11 3 2 0 6 16 13 4 6 6 13 12 10 14 6 9 7 13 8 13 8 12 10 13 11 6 15 7 7 8 10 7 12 11 9 6 15 5 5 6 2 0 11 13 5 17 6 5 7 6 3 14 14 14 13 7 4 12 5 10 20 11 6 12 13 9 14 14 14 13 16 5 12 10 5 14 13 13 2 7 14 14 13 12 13 2 9 13 10 7 6 6 15 13 15 5 11 14 13 13 12 4 13 12 5 11 5 20 17 14 13 12 9 15 7 6 15 8 6 17 6 14 6 13 13 8 12 14 11 9 20 14 11 10 11 21 12 15 14 11 13 10 14 14 13 14 11 13 12 11 24 14 14 13 17 12 14 12 14 14 16 17 24 21 61 
40 2 1 0 0 4 2 7 6 7 6 5 7 5 4 2 6 3 4 6 6 7 4 5 4 6 6 8 1 4 11 5 7 9 10 3 10 10 5 6 1 1 4 4 9 12 9 11 9 12 11 14 14 7 14 5 4 14 14 7 13 2 13 4 5 3 6 14 3 3 13 6 14 10 6 7 14 14 14 2 13 2 14 11 2 6 13 7 13 12 10 11 13 9 16 17 12 9 16 5 12 4 12 7 9 4 15 1 7 13 5 6 10 1 13 11 13 9 13 8 5 14 10 13 7 1 7 0 14 1 15 14 3 11 5 5 14 16 1 8 14 12 7 2 8 2 1 16 13 14 4 4 15 16 5 3 5 11 6 3 13 13 8 14 7 3 3 0 13 13 7 4 3 6 14 8 14 13 4 10 13 10 13 13 14 19 14 12 6 20 5 14 13 14 13 11 7 6 2 14 6 14 8 7 1 14 10 14 2 14 1 0 4 12 6 13 10 16 11 6 5 17 8 18 14 12 10 11 2 14 3 12 7 14 3 11 15 16 11 3 3 3 14 14 29 6 14 9 16 8 6 6 6 9 12 7 15 6 7 14 8 9 9 13 6 13 9 13 8 6 14 12 8 14 7 12 18 11 9 16 19 11 13 14 19 16 14 13 11 14 14 14 10 11 12 14 15 16 12 12 12 14 14 14 14 14 14 15 19 17 28 69 111 
41 0 2 3 2 0 2 2 6 0 3 2 3 7 0 3 5 7 6 5 5 10 6 6 8 8 4 7 3 9 8 8 5 6 0 1 7 2 7 8 13 4 2 8 13 9 0 3 7 11 11 1 5 13 14 3 7 4 12 13 5 1 11 11 15 11 14 2 9 5 9 12 12 14 14 15 13 14 3 0 13 6 6 1 3 7 12 10 7 10 11 12 3 2 13 14 2 14 5 12 10 13 12 21 0 9 14 14 7 7 12 0 10 7 14 5 4 9 2 0 0 2 12 13 13 7 0 6 14 13 9 13 7 1 11 1 14 4 14 14 7 15 7 14 10 12 12 14 9 1 2 13 14 9 12 9 6 10 0 14 14 16 9 2 14 3 12 13 5 11 4 12 3 12 7 8 9 9 4 6 10 14 7 8 5 13 7 14 6 13 6 3 12 3 12 6 3 8 4 15 11 2 9 13 12 13 16 9 9 3 9 11 3 14 11 14 5 15 5 15 9 14 13 17 14 8 14 14 14 7 11 14 8 15 8 5 12 11 7 10 13 12 12 7 16 16 6 6 13 23 15 7 12 17 9 29 12 14 13 12 8 14 13 9 13 12 13 13 13 14 11 12 13 23 15 14 13 15 11 14 16 13 14 13 11 11 16 11 17 14 14 14 31 17 28 19 58 64 
42 0 0 3 3 5 1 4 0 4 1 4 5 1 5 0 1 2 0 6 6 7 7 7 8 8 8 8 5 6 9 3 10 11 3 6 4 11 0 0 12 11 10 12 0 7 6 5 12 2 12 14 14 1 4 6 9 0 4 0 13 5 7 5 10 7 7 14 6 13 7 12 6 8 6 12 5 2 5 11 6 7 8 13 12 3 7 13 3 1 12 9 7 14 13 4 15 2 7 13 13 13 11 12 4 18 2 8 12 6 12 11 6 6 11 8 13 8 12 13 13 12 12 13 13 1 2 12 7 14 2 6 13 2 7 7 10 3 3 2 13 9 9 14 14 14 15 13 3 2 14 14 15 9 5 11 13 7 9 2 5 13 9 12 14 13 7 5 5 7 0 7 15 6 5 13 14 16 2 3 13 5 3 14 6 6 5 14 14 3 18 14 2 12 12 4 17 14 13 13 4 14 8 14 14 4 10 2 15 3 1 7 10 14 13 10 3 17 13 1 3 4 8 25 10 4 13 7 9 3 13 14 3 6 6 9 7 7 9 4 13 8 13 13 10 13 12 14 13 13 14 12 11 10 26 13 20 13 9 12 13 8 14 11 15 13 6 8 12 14 12 11 11 14 15 14 14 16 12 12 10 13 19 11 13 14 14 14 12 14 14 15 13 12 16 14 13 14 16 28 29 36 35 40 
43 0 2 3 1 2 2 3 1 3 5 1 6 6 6 4 7 7 1 3 0 7 1 8 0 5 6 7 3 3 11 3 6 5 5 1 9 6 2 8 0 5 12 11 11 9 0 11 13 13 9 11 10 8 5 7 5 7 14 13 13 5 14 13 6 10 13 15 12 11 6 13 2 14 0 1 13 8 17 7 17 14 12 6 6 7 8 14 12 9 8 14 4 5 15 5 12 6 11 8 4 5 4 7 21 11 16 14 13 9 13 6 6 5 14 2 15 15 4 10 13 10 9 13 6 5 4 2 4 13 6 0 4 7 14 15 1 13 14 6 13 8 6 15 11 10 0 4 4 14 13 2 2 5 9 11 14 14 8 14 9 12 8 6 13 7 16 24 6 0 27 11 5 14 5 4 13 5 12 13 14 4 0 7 6 6 12 13 5 8 5 13 27 1 1 6 14 12 7 11 8 4 19 27 13 6 14 13 4 7 20 11 27 27 27 6 8 4 14 12 8 7 7 10 13 13 15 12 9 8 16 6 12 12 11 15 13 13 15 13 10 15 8 35 18 12 32 10 15 23 15 18 13 19 13 15 10 10 12 15 12 15 12 13 23 14 14 13 27 41 16 24 35 36 40 28 33 
44 0 3 3 2 4 2 5 3 2 5 7 4 6 7 5 0 7 4 4 1 5 9 8 9 6 3 7 7 0 1 11 10 0 3 4 12 3 4 9 11 3 3 6 2 12 11 12 2 13 11 9 13 2 14 6 10 10 10 11 6 14 6 13 12 4 0 7 2 13 2 5 13 11 13 6 11 11 6 2 13 7 13 12 2 7 5 14 9 14 12 10 13 0 10 14 14 10 6 5 4 0 6 9 10 14 9 14 9 5 1 11 8 3 11 12 6 9 2 14 13 4 0 6 6 16 14 13 10 19 18 6 3 16 12 15 15 13 3 6 6 14 3 11 7 1 13 18 8 14 8 3 6 2 13 12 7 2 13 13 0 21 12 2 14 6 15 12 13 4 11 14 2 12 6 20 13 4 12 13 2 1 20 14 11 13 5 11 4 13 1 13 7 7 6 7 4 14 13 12 13 29 14 8 5 9 13 12 7 13 12 13 11 13 13 4 13 6 22 15 14 12 9 13 21 5 22 11 11 11 13 4 6 8 9 13 13 11 13 14 6 14 11 12 7 14 15 18 6 13 35 14 6 12 14 36 36 32 8 9 14 13 26 14 11 14 11 13 13 14 13 16 22 20 14 27 27 12 11 17 30 13 35 36 14 15 24 17 19 27 25 22 28 28 40 35 40 30 40 
45 1 2 3 4 3 3 5 2 2 5 4 7 6 1 7 8 1 6 8 1 3 4 5 3 0 3 1 10 4 3 4 0 5 8 3 12 2 7 11 12 5 11 7 2 6 12 3 4 7 6 4 2 9 1 3 8 6 7 7 5 1 5 11 2 13 13 15 0 4 13 15 7 9 6 9 2 3 1 7 10 6 7 0 2 15 6 17 5 14 7 0 3 5 7 1 17 13 1 11 13 3 14 5 11 10 2 12 15 5 8 16 14 14 5 7 1 11 9 12 8 1 14 16 2 10 21 13 11 7 14 5 6 15 12 11 11 10 3 11 7 7 12 4 18 9 15 5 2 1 9 2 13 2 2 5 13 7 14 5 10 11 14 4 5 5 23 14 11 5 11 5 21 14 4 14 17 20 7 24 12 15 13 6 6 6 0 5 26 9 20 5 19 2 6 14 0 10 4 3 3 9 1 9 14 13 27 3 8 13 13 5 8 2 14 5 7 11 19 7 9 6 5 5 27 9 9 14 14 10 6 11 8 8 6 27 24 31 34 6 32 13 7 12 13 10 13 34 35 7 6 14 10 33 15 15 21 10 13 12 36 13 26 20 25 13 15 14 12 13 14 11 15 15 12 35 14 14 14 17 32 13 31 27 27 19 20 27 26 28 38 45 27 35 30 20 35 28 28 42 37 34 39 39 57 76 
46 1 1 0 2 0 5 2 3 5 1 8 2 4 6 2 2 10 7 5 6 4 8 9 0 7 7 3 4 9 11 7 7 0 1 7 1 6 9 11 7 4 7 1 1 2 10 11 6 6 6 8 8 7 4 12 7 10 8 12 1 11 12 5 13 8 13 9 9 12 16 13 7 17 3 14 8 1 13 10 19 7 5 15 13 4 4 7 16 7 9 10 6 16 8 6 4 3 10 0 10 6 7 10 4 14 5 1 12 15 14 1 11 6 5 4 4 11 10 8 9 22 13 2 14 2 9 4 9 15 7 8 6 1 20 24 0 11 13 13 7 2 6 13 8 5 14 8 20 10 14 20 13 13 15 3 20 14 13 14 14 12 17 13 14 25 25 8 17 15 9 5 16 18 8 16 24 18 14 12 5 24 27 27 27 8 8 8 4 10 12 28 28 10 30 13 10 7 14 8 14 6 13 12 18 18 8 13 14 26 26 34 11 17 13 12 18 29 13 20 13 12 13 12 15 14 13 21 24 36 20 20 13 14 24 14 29 16 24 27 17 32 32 29 29 26 42 31 41 27 29 38 27 37 31 32 42 37 32 29 40 46 35 
47 1 3 2 2 5 4 3 2 5 6 3 3 4 0 4 4 5 3 7 1 5 8 6 7 4 3 4 5 2 6 4 1 10 12 8 4 5 4 8 6 8 9 13 0 4 1 1 6 11 12 12 1 13 10 7 0 14 4 8 15 14 10 10 6 12 3 3 6 5 9 7 12 6 2 14 13 13 4 12 4 14 3 12 9 3 12 10 4 2 2 6 4 3 1 8 9 18 9 9 8 2 8 12 2 7 2 14 2 9 8 7 2 12 15 14 3 15 13 6 1 11 11 12 5 12 24 1 14 4 6 16 12 8 12 5 4 12 8 18 14 12 13 8 15 14 20 10 12 28 14 3 4 13 28 10 10 25 11 8 27 15 3 11 15 10 14 4 14 6 14 13 6 8 27 11 16 12 13 7 11 6 14 8 4 11 7 14 13 4 12 10 13 13 34 6 13 16 11 16 6 16 6 15 29 30 12 35 12 10 8 8 10 21 9 18 13 12 9 13 11 24 13 12 12 14 16 13 15 13 14 24 17 22 22 16 32 28 14 14 19 22 16 20 20 45 28 19 19 19 21 42 25 50 37 26 25 27 41 35 34 63 69 57 57 92 
48 0 2 3 2 2 3 0 3 4 7 7 4 6 2 3 7 2 3 7 6 8 5 6 6 3 6 1 8 2 5 1 6 10 8 6 4 13 2 14 8 4 5 10 4 8 4 3 7 3 6 5 11 11 7 14 5 8 12 9 17 14 8 5 9 14 14 14 8 3 2 7 13 13 14 7 6 3 12 12 11 12 6 13 21 1 2 12 12 2 7 13 3 8 15 12 7 13 13 6 2 7 6 7 6 3 21 14 10 6 4 5 2 10 4 18 6 7 8 21 11 28 14 7 0 18 9 5 9 5 6 8 5 27 3 13 7 8 9 5 12 14 13 13 11 7 6 27 14 7 10 14 10 28 14 14 14 14 17 11 13 27 26 28 28 15 12 12 28 12 34 27 36 12 12 16 18 21 12 21 21 14 24 44 16 41 37 42 45 19 18 23 20 24 28 35 26 28 28 28 28 40 42 62 50 52 93 176 
49 0 0 0 2 2 2 7 3 4 6 6 6 3 4 6 6 7 9 10 7 7 2 6 11 12 8 7 13 11 4 4 4 0 3 10 14 13 8 4 14 4 6 15 6 10 7 5 5 5 10 1 12 6 3 13 3 8 6 7 17 2 8 14 12 1 3 12 4 18 13 5 0 5 15 3 4 9 9 1 1 11 6 7 7 11 14 13 2 2 16 16 0 4 4 4 2 6 2 13 14 7 11 9 2 20 4 10 4 17 13 6 20 2 5 4 13 2 8 5 8 4 9 7 26 14 4 6 10 12 9 14 9 8 8 22 7 11 3 8 4 9 6 14 25 7 13 29 14 27 23 34 23 17 17 28 25 6 11 14 9 20 35 20 14 13 8 8 10 11 10 15 14 14 13 13 14 12 14 12 12 15 14 15 19 41 19 18 39 20 24 36 42 27 27 28 29 41 41 35 37 62 
50 1 0 2 4 5 4 6 7 2 3 5 1 7 3 3 7 5 10 4 7 6 7 8 7 9 8 8 7 10 10 11 4 4 6 5 13 14 6 4 14 7 7 7 9 14 5 0 2 1 14 14 7 12 11 17 5 12 12 9 4 2 8 1 7 9 9 13 12 7 3 10 8 18 4 7 5 15 3 8 13 9 9 18 1 7 3 5 2 3 15 12 11 13 13 7 5 20 9 18 0 13 4 12 6 3 13 21 1 3 21 4 10 3 5 9 14 14 2 12 14 3 8 6 11 14 5 20 8 9 0 4 8 13 27 12 23 13 20 4 4 5 7 14 20 4 4 14 3 3 26 9 10 19 5 4 7 22 21 12 14 11 9 34 10 10 10 13 10 11 12 11 13 9 15 13 14 25 18 13 25 13 25 15 23 38 18 21 19 27 47 23 28 35 28 22 35 25 27 30 52 34 37 54 43 52 47 47 62 
51 2 1 2 1 0 1 6 4 6 5 8 11 6 5 3 6 10 7 5 8 1 1 3 7 7 7 6 2 7 14 5 13 10 11 10 14 6 13 12 8 9 3 12 2 16 1 13 15 8 12 3 8 8 17 4 5 14 14 18 10 15 14 5 19 8 4 8 9 11 7 1 4 6 10 14 10 16 0 2 21 11 11 15 10 28 19 17 13 7 11 7 3 3 10 21 13 27 8 5 10 18 11 12 12 14 8 13 13 16 16 8 14 9 8 10 20 12 10 15 11 21 16 41 14 12 17 38 23 18 23 31 28 42 20 27 37 27 27 28 42 62 
52 1 1 2 6 0 3 1 2 7 9 8 4 7 9 9 9 11 1 1 1 3 7 3 1 7 4 3 6 14 10 6 2 14 12 5 14 6 3 2 6 3 0 14 15 2 6 12 11 6 7 5 12 5 4 14 2 2 6 10 10 13 10 19 7 12 7 14 15 14 6 15 8 12 14 12 12 14 15 4 5 12 14 18 7 8 14 5 3 11 25 16 6 4 12 14 9 12 3 13 13 13 3 14 7 13 5 13 16 34 6 6 17 10 28 14 28 7 13 30 8 16 23 10 14 9 16 9 12 12 14 10 14 20 20 18 23 13 20 25 17 28 20 41 25 34 28 34 34 25 33 36 38 28 42 55 242 
53 1 4 5 5 7 8 8 7 2 11 10 6 0 11 11 1 7 9 10 9 -1 5 14 13 12 13 7 2 7 13 10 7 10 1 3 6 11 1 7 11 7 8 13 8 20 12 3 2 10 5 3 4 20 20 3 0 5 13 21 0 4 9 4 4 24 14 9 5 3 18 5 7 11 6 15 13 23 14 17 5 20 9 9 17 0 13 6 6 6 6 9 27 11 14 13 7 9 11 8 8 29 6 11 11 7 7 9 35 20 10 14 14 25 12 8 11 11 12 15 14 12 35 13 13 41 15 40 16 28 34 43 19 38 28 34 29 31 49 38 99 181 
54 1 1 4 6 7 7 0 7 7 0 0 7 0 3 2 4 0 8 5 1 4 2 2 13 6 13 2 13 3 5 4 4 3 7 11 4 7 8 8 2 10 4 13 13 8 9 17 3 9 13 15 13 13 7 15 9 3 11 7 13 5 22 13 5 13 5 11 23 9 7 5 19 9 10 17 9 20 1 27 3 25 3 6 14 7 11 5 13 26 6 25 27 8 11 13 14 12 6 11 4 14 18 8 4 9 11 4 21 14 12 4 13 21 22 5 10 12 9 16 8 26 10 13 13 27 12 26 21 15 17 13 20 15 16 14 13 13 13 14 32 20 18 28 21 34 37 29 27 29 37 38 63 42 62 
55 2 2 1 0 4 5 3 8 5 7 7 6 7 2 9 9 7 14 12 12 1 14 6 15 3 13 13 4 7 9 4 12 12 7 4 10 11 0 1 12 4 11 14 15 1 9 5 2 18 3 3 4 2 14 12 15 2 6 9 12 8 9 13 1 22 24 11 0 19 18 20 10 13 9 2 6 11 9 4 14 14 3 10 4 4 10 7 14 28 11 9 10 18 6 7 11 8 14 5 12 11 37 19 13 8 15 8 14 13 13 41 36 18 30 18 21 24 19 28 47 25 34 36 23 33 26 34 45 46 42 
56 2 3 3 1 3 4 4 3 4 3 7 2 1 4 7 4 1 5 11 0 11 8 2 7 10 6 4 10 6 3 11 8 11 5 8 12 8 1 5 10 12 8 6 11 6 14 22 3 5 2 6 10 13 6 10 3 8 21 3 14 15 8 4 11 3 13 7 3 5 8 13 2 8 21 12 3 0 13 8 4 6 7 6 13 2 4 28 8 5 11 10 21 15 7 14 11 23 6 16 4 23 8 14 19 6 10 14 7 9 27 6 6 13 15 22 21 14 13 26 11 27 13 13 12 14 21 13 18 27 23 17 28 27 27 33 40 
57 2 0 2 1 1 4 2 1 4 9 3 5 9 3 6 10 7 3 6 6 5 0 3 8 14 1 12 2 6 6 14 3 4 12 14 14 13 12 7 13 13 14 3 14 1 13 7 1 5 3 14 5 7 1 2 10 3 20 4 6 15 15 11 1 12 16 16 7 9 1 8 16 14 8 14 7 1 2 12 0 11 13 2 9 26 6 16 10 14 13 29 13 8 12 14 9 5 4 7 4 13 8 29 12 8 28 7 9 6 16 13 14 15 10 22 18 13 19 27 44 30 21 24 26 34 34 29 40 38 40 41 
58 2 5 5 5 4 2 5 3 6 3 8 5 5 2 8 5 12 10 6 4 0 14 11 0 9 7 0 12 7 9 14 3 1 5 7 14 5 7 16 13 6 3 13 12 11 10 6 7 12 2 11 8 17 13 7 10 12 14 2 4 12 6 24 10 12 16 6 12 7 10 15 6 12 8 12 0 10 11 13 7 28 5 6 6 6 14 7 13 13 34 9 9 9 17 32 39 21 39 21 34 20 27 30 47 38 41 48 42 143 
59 2 3 5 1 5 6 4 5 4 4 7 8 6 4 4 8 6 3 6 6 11 5 11 2 11 14 3 13 3 10 13 1 16 1 12 6 13 12 1 10 7 5 2 0 12 19 19 8 6 2 10 14 4 12 13 12 14 8 16 21 3 16 3 3 3 5 16 5 16 11 14 21 14 10 17 4 29 4 16 25 20 13 10 8 35 9 11 27 15 22 14 16 35 29 25 18 13 13 14 40 17 21 22 36 39 37 22 35 39 42 
60 3 4 4 1 5 3 5 9 8 7 5 2 5 6 1 3 5 13 5 12 6 12 4 3 14 0 12 14 12 13 13 10 7 2 1 14 6 12 2 14 15 11 3 4 12 5 13 3 6 4 14 6 7 7 17 20 11 2 15 7 15 6 7 28 17 9 10 9 10 22 4 17 17 16 12 12 11 11 33 13 13 13 11 31 27 24 55 55 
61 1 1 1 3 4 6 6 5 8 5 6 4 3 7 2 7 3 15 10 5 19 20 5 14 8 6 5 10 13 8 12 14 1 6 13 10 13 5 18 4 5 17 18 7 3 7 10 29 11 7 6 10 6 11 22 11 9 11 13 19 15 12 10 14 15 27 15 14 29 13 19 13 14 14 14 17 34 41 40 32 37 38 39 58 
62 1 2 4 1 2 0 7 4 12 5 6 3 4 14 13 1 7 5 15 14 4 9 14 14 14 9 7 10 13 9 1 12 12 8 12 8 7 6 6 3 9 6 11 12 5 3 12 9 23 19 8 5 5 9 17 12 12 18 22 13 34 4 4 6 25 13 11 7 19 12 9 16 12 20 38 36 13 16 26 16 26 28 48 37 42 
63 2 3 5 8 2 6 4 5 5 6 6 7 7 7 9 10 13 12 11 12 13 13 2 1 11 6 16 3 9 13 21 13 14 1 11 8 4 15 13 6 7 25 3 15 23 10 10 13 6 9 2 12 12 8 20 12 18 5 25 13 21 15 8 13 14 11 13 25 19 32 35 49 136 
64 0 1 3 6 5 5 5 5 1 3 13 8 6 8 5 5 12 14 4 18 7 5 4 15 10 7 2 9 4 1 9 17 11 19 22 15 8 10 5 21 4 4 27 9 13 12 14 13 18 14 25 21 36 
65 2 2 2 3 2 4 5 6 11 1 3 8 2 6 5 2 1 11 14 8 4 6 6 6 0 0 18 15 3 6 10 14 3 32 22 10 10 12 13 21 19 19 11 30 34 19 22 28 
66 1 3 4 2 5 1 10 6 5 5 4 12 6 11 8 8 8 16 2 9 14 12 8 4 7 16 7 5 9 2 14 13 10 13 7 6 7 23 8 5 14 7 33 4 13 16 11 14 13 11 40 12 28 34 42 33 
67 2 4 4 4 4 6 3 1 1 10 3 1 3 4 7 9 13 12 12 11 3 10 5 13 8 13 10 2 8 24 8 10 5 2 24 14 3 4 1 9 2 17 15 11 21 11 13 11 17 13 15 21 16 26 27 21 40 
68 1 2 3 2 7 9 7 4 11 6 5 12 0 3 4 13 2 9 12 11 2 14 12 1 28 3 5 10 14 8 28 19 13 9 13 15 17 13 13 10 10 13 9 10 36 13 29 39 
69 0 3 4 4 15 15 0 13 3 14 11 14 15 6 19 4 14 10 3 4 21 14 14 17 14 4 7 7 12 7 17 15 14 16 20 44 39 37 67 68 
70 12 11 9 3 3 2 3 1 14 14 6 3 3 3 11 12 4 11 23 25 30 28 50 
71 2 1 7 1 2 11 10 12 8 8 11 13 10 0 4 5 12 10 13 6 6 14 26 12 
