0 
1 
2 5 
3 26 
4 4 
5 4 
6 
7 6 
8 29 
9 19 
10 5 8 
11 7 
12 
13 
14 1 0 2 2 3 2 3 3 4 4 4 5 6 4 2 4 5 4 4 6 7 7 8 6 6 9 7 8 8 7 7 7 7 8 8 6 8 8 9 9 8 9 11 9 8 9 11 9 10 8 11 11 11 9 11 12 10 12 10 10 13 12 13 12 12 14 13 14 14 14 13 14 15 14 16 14 15 14 14 14 17 16 15 23 
15 2 2 6 1 6 4 5 4 3 6 6 2 6 6 9 8 6 5 7 8 7 9 8 5 7 8 7 10 2 10 9 7 8 5 8 13 12 6 12 5 12 8 2 13 14 13 12 11 7 14 15 13 14 12 11 13 5 13 14 16 5 2 14 14 6 13 12 13 11 10 0 13 4 2 7 4 2 14 7 16 14 1 14 7 3 10 5 16 11 4 4 14 2 16 5 5 5 13 13 3 13 11 6 13 9 9 16 6 12 10 7 11 2 6 14 5 13 2 17 3 9 6 15 8 12 14 14 8 12 15 14 14 2 10 15 11 1 9 5 10 9 0 7 13 15 2 14 14 9 14 10 14 19 14 13 13 13 12 13 7 13 14 7 13 12 13 9 13 8 11 14 14 13 14 16 6 5 7 13 5 14 13 14 15 8 11 17 6 18 9 11 9 20 10 7 5 11 19 12 13 14 12 7 13 11 15 12 9 11 14 11 12 14 8 13 9 29 13 12 16 14 18 14 12 13 13 22 12 13 14 12 15 24 14 15 14 14 14 15 14 14 20 21 34 28 33 28 28 29 36 40 37 36 42 
16 2 3 4 5 0 3 3 6 4 8 7 2 8 6 11 2 3 9 5 3 0 13 10 0 8 14 14 5 3 14 14 14 14 15 1 13 12 15 9 13 8 13 5 14 6 6 9 13 8 1 14 14 14 7 9 9 8 9 12 17 6 9 10 12 18 0 11 14 13 8 7 3 2 14 18 3 10 15 14 5 7 3 8 9 14 7 12 14 16 16 13 13 9 6 11 13 14 14 13 13 13 7 5 17 12 6 13 13 13 6 6 13 11 5 6 3 13 13 15 9 11 13 14 10 7 14 21 13 4 0 7 10 13 3 10 4 15 12 14 15 15 4 3 11 12 15 13 13 12 14 14 12 15 14 2 14 9 15 13 7 14 3 14 6 7 21 13 6 5 6 14 7 12 5 14 11 10 0 2 13 11 3 11 14 7 13 7 14 8 10 11 13 11 14 11 15 6 28 13 14 9 14 4 7 11 14 19 14 14 15 10 10 8 12 6 19 7 9 10 10 14 15 8 14 24 8 11 13 11 14 12 11 11 12 10 13 12 13 12 16 13 12 11 12 13 14 13 12 13 12 12 14 20 18 19 12 14 14 13 14 14 14 18 22 21 21 33 66 
17 4 2 4 1 3 5 5 5 7 5 7 5 1 6 7 6 0 4 7 7 6 0 5 8 7 4 6 8 7 12 1 7 3 10 7 10 11 13 11 14 14 11 14 11 13 8 11 3 1 14 14 11 2 5 1 6 12 11 9 14 12 5 13 7 8 12 14 9 14 5 7 11 4 11 8 11 12 6 14 5 14 14 11 19 3 14 14 13 14 8 10 5 14 4 14 16 14 11 14 21 13 15 17 13 4 4 12 13 2 15 14 9 0 14 2 6 4 10 15 10 10 2 12 13 8 12 6 6 21 16 14 13 8 9 6 9 9 9 14 13 14 10 6 10 6 15 16 14 0 13 13 10 11 6 8 2 13 14 21 3 14 11 6 12 14 3 5 13 4 13 11 11 2 3 10 2 13 15 13 2 12 7 12 7 3 13 3 14 9 9 22 14 11 14 4 15 6 16 8 12 14 9 27 10 6 15 12 9 15 7 14 14 17 6 19 8 7 14 15 8 12 14 14 13 15 17 9 15 13 14 11 13 13 12 11 11 13 9 29 10 11 16 15 14 12 12 14 15 14 12 14 16 14 13 14 14 14 16 15 14 19 17 20 17 16 16 17 31 27 28 29 
18 0 0 0 2 3 2 0 5 5 6 6 0 8 3 8 3 4 8 6 3 8 3 5 6 7 6 6 5 7 4 8 3 13 1 5 13 6 13 8 4 14 8 11 14 12 8 8 15 13 10 2 8 5 3 13 13 14 13 15 10 7 13 11 13 14 17 13 14 11 16 13 11 14 12 14 2 6 9 11 4 5 3 5 7 13 14 6 11 11 16 9 8 14 13 14 2 3 7 5 13 14 13 12 15 7 6 11 10 2 6 5 11 14 10 8 9 12 15 6 9 13 14 11 5 4 16 14 15 13 14 10 15 7 6 13 12 3 4 5 12 11 5 13 15 16 13 14 13 0 16 5 4 13 14 13 5 7 5 2 8 2 11 0 4 9 10 8 14 4 4 3 10 10 15 11 11 13 12 6 8 3 11 8 14 15 19 10 14 13 21 5 4 14 14 7 20 8 14 1 20 14 1 6 4 3 12 11 8 9 5 10 27 11 7 14 13 16 16 12 14 3 8 13 14 6 7 11 13 13 10 5 13 11 17 25 11 12 11 14 12 14 12 9 7 12 13 13 14 12 13 17 14 9 12 9 10 9 11 15 12 8 12 12 14 11 14 13 12 13 11 9 14 16 14 24 14 14 18 12 11 18 12 11 13 13 13 13 21 14 14 13 13 17 14 15 20 36 25 34 35 32 
19 0 0 4 2 5 0 0 4 1 5 8 8 6 8 6 4 8 9 7 7 7 7 11 6 3 11 11 9 6 4 3 8 6 8 12 11 0 2 13 2 12 8 6 0 12 8 13 13 14 13 7 3 13 14 13 14 7 0 4 13 14 13 4 2 13 4 1 13 11 7 9 14 13 10 6 6 18 16 6 12 5 12 4 4 8 6 10 4 12 12 12 9 10 7 2 13 14 14 11 10 13 12 10 1 10 14 8 8 12 10 14 9 10 7 11 10 12 9 1 9 14 13 7 17 16 14 2 11 8 14 0 13 21 11 11 12 12 12 7 11 4 20 16 3 7 12 7 8 12 5 14 4 1 13 9 11 14 6 8 26 14 15 22 6 8 12 13 14 14 13 11 11 9 6 5 6 14 14 8 14 14 1 2 14 7 14 14 14 9 13 6 4 16 21 8 14 4 8 3 17 12 13 14 12 3 16 9 13 16 4 14 5 14 4 10 7 13 15 15 13 20 19 8 29 4 28 8 20 7 7 12 6 16 14 20 12 13 12 13 19 14 17 10 12 13 15 14 14 35 6 14 7 11 14 14 13 19 14 13 12 13 11 16 13 26 16 12 14 13 11 12 12 14 13 12 14 14 12 12 22 13 13 19 13 14 15 15 14 15 16 29 33 17 20 43 29 28 33 30 91 
20 0 0 4 0 1 4 2 1 2 2 6 7 4 7 3 7 7 4 7 9 12 6 4 5 14 6 4 1 14 12 9 11 13 11 4 11 6 14 11 10 14 14 13 7 14 9 14 15 13 15 14 6 15 6 14 10 13 11 1 10 4 13 2 9 14 13 4 2 1 11 14 11 12 13 6 16 13 8 14 4 10 19 15 8 3 18 13 16 13 10 16 10 7 14 18 14 4 16 16 13 14 19 14 19 7 21 10 8 17 12 7 10 2 3 8 14 14 7 12 14 13 20 16 0 14 11 14 5 14 14 9 12 21 14 3 14 14 13 14 12 6 13 13 8 1 16 5 12 18 16 12 13 9 9 9 12 19 22 22 2 17 6 7 14 12 9 13 14 13 7 7 14 15 14 16 10 17 15 8 12 7 14 28 9 8 14 13 5 12 6 14 15 13 9 6 8 13 10 6 7 12 9 8 10 12 24 13 15 12 8 14 8 19 12 13 12 13 13 35 14 15 15 10 11 15 10 16 16 14 12 14 15 13 13 20 13 13 19 13 13 18 17 14 17 13 18 14 13 15 13 16 15 39 14 15 26 24 35 20 37 34 32 54 
21 1 2 0 5 5 7 5 8 4 1 1 9 1 3 11 4 10 8 12 8 8 7 10 3 8 13 13 7 10 10 9 5 6 7 14 0 14 3 7 12 7 0 7 14 13 14 13 11 7 6 1 5 14 3 8 3 2 9 14 14 11 4 4 6 7 13 15 11 13 6 14 7 14 14 14 4 6 4 7 7 13 11 14 17 20 14 13 8 16 11 7 8 2 18 8 13 9 8 14 14 8 6 6 14 8 15 13 13 15 4 13 8 13 13 12 4 14 19 6 2 20 15 5 4 7 2 15 15 10 13 7 19 20 10 5 16 3 10 7 13 14 14 13 12 14 20 25 13 10 4 10 6 14 5 13 3 14 8 12 14 11 15 14 14 14 7 0 13 13 20 12 12 0 14 7 5 27 18 12 12 10 14 6 12 12 7 9 14 20 13 14 14 14 9 14 10 3 15 4 9 6 14 5 3 9 5 15 17 13 6 7 15 12 11 11 13 13 11 15 12 14 22 14 13 9 13 9 13 9 14 14 8 15 14 21 11 13 14 14 16 15 34 13 14 16 17 21 21 27 30 24 27 27 50 
22 0 0 0 0 3 1 3 5 5 1 6 7 7 7 4 9 10 6 6 8 5 6 12 7 6 4 6 1 13 4 5 13 7 8 14 14 13 11 12 13 14 9 13 4 12 14 6 1 14 5 10 11 0 10 12 7 4 3 13 4 16 14 15 9 9 13 16 2 13 5 5 9 7 10 4 9 14 14 12 15 7 15 4 13 15 16 15 10 11 13 12 14 8 12 13 14 8 1 1 13 13 17 0 13 13 7 5 14 13 15 4 14 12 10 14 13 10 7 14 13 22 14 0 9 7 10 22 7 15 12 12 5 12 9 6 12 13 10 16 7 21 12 17 7 12 3 9 5 18 12 14 9 7 14 27 15 15 6 6 4 10 11 13 14 13 14 14 16 15 7 6 6 6 7 8 17 14 16 12 13 14 7 2 12 9 18 4 13 3 11 7 13 14 5 15 12 14 8 16 14 14 27 8 15 4 12 8 7 24 15 7 12 14 9 12 10 14 14 5 8 6 6 14 13 14 23 13 7 13 14 15 14 14 14 8 12 17 12 18 25 9 14 13 14 14 12 16 13 14 13 16 11 14 10 17 28 12 15 12 16 13 13 16 36 15 19 14 14 24 16 20 22 18 26 17 20 26 19 19 34 36 28 20 30 25 29 33 35 33 45 35 40 39 
23 2 1 1 6 1 1 6 4 3 2 1 4 7 8 1 6 1 9 8 8 11 9 9 12 12 7 2 7 1 9 4 2 2 3 14 11 3 1 6 14 10 14 14 13 2 3 0 3 6 12 8 4 4 4 14 4 14 11 12 6 5 6 10 2 16 13 14 7 9 5 8 2 16 14 14 1 13 6 1 7 9 13 8 14 12 15 8 15 3 5 17 20 2 13 10 10 16 16 7 12 16 11 14 4 16 11 12 14 10 3 15 12 14 15 14 4 13 10 14 2 22 16 14 13 18 13 7 12 19 12 24 16 18 12 2 20 25 10 4 18 16 6 19 9 13 4 14 6 16 3 16 18 15 7 3 24 10 14 14 14 22 15 15 27 13 11 8 34 12 13 28 11 13 24 23 20 27 14 14 13 9 14 11 14 31 11 14 28 12 14 13 34 16 12 25 14 13 14 16 20 18 27 39 24 38 35 43 42 27 27 58 38 102 
24 1 5 4 7 5 8 7 8 7 2 8 6 1 9 8 4 2 2 3 2 3 1 2 4 6 2 5 4 5 0 5 5 1 3 12 14 12 5 1 7 7 14 6 14 13 12 9 8 3 9 7 7 6 10 9 7 10 14 11 14 7 15 7 6 13 7 13 14 11 11 6 10 12 17 14 8 11 5 14 10 13 13 14 1 13 13 9 14 13 8 14 14 7 14 11 13 13 1 14 13 15 15 13 5 14 12 8 11 16 14 4 3 0 17 5 6 1 3 12 13 17 14 13 10 7 14 13 10 7 4 12 12 16 14 12 27 5 13 23 12 2 16 7 3 15 24 27 7 14 23 7 21 14 13 10 24 14 4 14 25 7 26 25 30 27 28 28 20 8 12 12 7 14 14 28 13 12 33 28 30 37 13 26 26 36 33 14 14 12 14 15 11 12 14 28 28 21 34 12 15 13 26 40 15 15 34 16 40 22 30 35 41 23 45 38 19 26 43 32 35 34 28 24 33 48 48 31 32 34 30 38 41 60 46 52 47 
25 3 5 4 4 2 2 2 6 2 2 2 1 2 5 2 7 3 10 1 4 11 2 0 6 3 6 3 2 6 7 14 3 3 7 7 6 8 8 7 8 4 5 9 8 0 7 7 7 7 12 10 15 10 12 6 10 10 10 3 2 7 11 12 7 5 13 5 12 2 13 3 15 14 11 13 6 6 15 2 4 8 12 6 2 10 12 11 8 14 1 15 12 4 12 13 3 3 14 5 13 15 7 15 11 1 7 7 18 14 4 6 8 20 14 15 21 14 8 13 8 12 5 14 2 7 19 3 23 13 7 22 6 19 10 24 6 13 25 11 14 21 26 13 12 23 15 12 24 28 28 28 14 22 9 13 13 13 14 31 25 27 15 33 15 14 13 18 15 13 23 13 29 15 34 34 41 42 39 33 25 27 27 29 34 46 27 38 41 44 90 85 
26 2 2 1 0 6 7 4 2 5 2 2 6 2 10 0 6 3 4 4 3 1 3 9 3 8 3 5 7 3 6 9 7 6 13 7 4 7 7 7 7 5 8 3 9 13 4 6 9 16 9 10 9 9 7 9 17 5 13 11 10 8 11 14 10 10 5 7 2 13 8 13 2 13 3 8 13 7 14 17 3 11 15 8 14 14 14 13 9 6 12 19 14 12 3 15 11 12 16 13 1 13 13 16 14 17 11 2 4 13 13 12 26 10 8 12 11 12 2 19 21 21 4 7 21 6 9 22 4 22 6 18 15 12 11 8 3 2 28 26 7 14 11 4 5 27 13 4 11 7 24 8 13 20 4 13 26 5 6 27 26 14 27 12 24 12 7 7 8 24 17 13 7 32 23 8 26 17 27 10 10 12 22 18 16 36 14 21 21 34 17 14 12 37 17 27 17 40 26 29 38 28 35 29 40 30 34 43 19 37 29 41 34 33 43 34 28 35 33 34 34 
27 3 1 2 7 7 2 4 2 7 7 2 2 8 5 4 2 1 7 4 1 7 8 10 4 2 11 10 12 5 5 6 14 6 6 7 5 2 1 5 7 0 7 11 8 0 8 8 8 8 10 9 4 9 1 9 6 8 9 10 10 15 12 7 11 11 11 14 16 7 12 11 7 6 13 10 12 3 13 13 12 13 5 7 8 4 13 14 7 6 15 13 14 15 12 3 9 4 5 14 15 13 1 24 19 14 13 19 2 15 15 14 7 5 14 18 16 12 21 12 9 4 14 16 11 23 20 14 2 2 23 23 12 14 27 22 26 12 12 31 12 13 18 27 18 26 13 13 25 8 19 26 14 29 18 12 13 14 25 12 13 16 36 15 15 17 34 29 41 32 24 35 20 21 30 35 28 23 36 40 45 39 28 35 35 37 35 43 55 38 37 38 90 
28 0 1 3 4 5 6 4 7 12 2 1 4 6 7 11 9 12 12 12 2 14 7 14 1 10 13 3 11 14 6 17 12 9 17 13 14 7 6 17 13 13 4 5 10 0 14 0 12 3 17 24 4 13 11 4 10 5 10 0 10 10 4 14 15 26 2 16 13 7 5 1 3 27 14 11 7 5 11 7 8 13 20 14 35 10 7 9 13 9 7 10 28 15 11 13 14 14 12 19 13 13 41 18 14 39 38 26 29 24 40 26 34 35 45 62 
29 3 1 4 6 6 5 4 6 3 5 9 7 5 4 7 3 6 10 4 9 14 7 14 0 11 6 11 14 8 7 8 4 18 14 8 13 5 3 7 4 15 4 6 11 6 14 15 19 13 12 12 13 10 17 9 9 13 6 14 4 13 12 7 5 9 14 21 13 28 11 11 21 27 16 28 14 12 7 5 35 10 11 19 34 11 9 12 15 13 14 29 11 13 23 17 30 26 39 17 27 23 28 29 37 22 26 41 62 64 
30 3 5 7 0 9 6 7 2 11 13 1 5 8 8 6 8 10 9 6 16 10 12 14 17 2 6 5 11 8 15 12 1 13 6 4 10 12 19 18 9 22 8 7 14 19 13 21 13 13 3 3 7 7 11 10 10 9 13 8 20 9 15 7 13 13 9 25 22 10 14 39 28 28 19 29 34 14 30 29 18 15 36 36 36 39 27 39 42 39 35 171 
31 1 3 2 6 9 1 7 0 3 8 4 3 11 9 10 6 1 10 14 6 3 5 11 13 5 16 11 13 2 12 0 8 7 1 20 4 6 16 14 6 8 22 20 7 6 14 8 13 13 11 2 3 24 8 13 0 13 12 7 8 19 15 2 13 9 8 20 13 14 14 14 14 8 14 27 11 12 11 24 14 12 13 13 26 35 20 12 13 13 26 18 41 22 27 27 27 27 34 42 44 33 48 41 41 
32 2 3 5 7 5 9 6 3 7 9 7 6 0 2 5 12 1 9 5 12 5 3 14 4 12 10 10 5 11 5 14 18 10 8 11 13 7 14 2 6 9 0 0 24 16 4 1 1 12 4 12 2 16 9 9 9 2 15 11 2 6 9 5 21 32 12 7 19 8 6 29 10 8 12 14 11 13 37 13 12 18 11 31 18 28 37 29 21 21 29 26 40 43 90 
33 2 1 1 6 4 4 5 2 6 6 5 3 11 13 9 13 13 14 4 13 6 10 9 9 8 14 13 5 1 13 7 11 12 14 14 2 6 2 18 18 4 4 1 14 0 1 10 13 10 15 6 17 14 14 11 9 4 12 25 8 21 35 11 21 14 12 10 10 26 12 13 23 26 35 20 20 45 39 34 
34 1 1 1 9 1 8 1 9 2 2 10 10 8 13 13 5 9 1 7 4 13 15 6 20 7 6 10 3 4 15 11 2 17 4 7 13 13 7 6 9 25 10 8 8 9 16 28 4 23 13 30 14 19 8 7 15 16 10 10 19 23 38 18 27 32 22 22 33 48 43 35 48 
35 1 2 6 6 6 2 8 2 7 7 12 13 3 6 6 11 4 7 12 13 14 8 14 6 15 0 4 14 19 5 10 3 9 24 15 13 9 7 4 6 8 14 13 15 12 9 8 1 7 9 7 6 2 13 32 14 3 7 4 13 18 5 7 8 7 8 31 8 12 14 13 10 21 39 13 42 23 28 30 21 36 23 38 39 
36 2 2 2 3 9 7 3 5 8 8 4 12 9 14 14 14 13 4 12 14 12 14 12 14 3 13 7 6 14 8 11 1 4 9 13 14 5 4 14 6 6 17 7 18 26 18 1 3 12 6 6 9 6 13 10 14 21 30 13 13 14 14 10 12 15 12 11 12 18 29 16 14 41 28 26 37 44 
37 3 1 3 2 4 7 4 0 0 12 4 12 5 3 2 7 6 6 13 6 14 4 7 18 14 14 8 17 11 3 0 6 14 2 3 3 15 11 14 2 14 11 7 14 6 4 3 12 30 13 6 12 19 13 29 13 12 12 15 28 13 33 22 23 27 27 41 36 51 56 41 60 
38 3 6 6 6 6 6 3 13 5 13 15 10 14 14 13 14 22 1 5 9 26 21 0 14 8 9 24 7 12 11 7 7 13 33 12 28 29 20 28 27 48 22 41 40 39 35 
39 3 6 1 2 7 11 11 2 9 2 12 8 12 4 2 16 9 10 14 8 18 6 7 12 17 14 0 12 5 7 2 4 3 10 6 12 12 15 14 9 2 8 7 14 28 34 9 22 9 14 13 14 11 9 10 12 14 19 22 24 20 42 31 63 
40 4 6 6 6 4 5 3 7 11 10 13 9 11 11 11 13 13 7 6 13 17 2 14 16 4 13 3 14 2 6 18 9 7 14 7 3 11 13 26 11 26 5 14 6 13 8 10 32 25 13 9 25 18 27 19 16 22 30 48 44 36 41 99 
41 2 4 5 0 0 5 3 8 1 5 9 12 3 6 5 7 14 3 17 8 13 4 12 2 2 1 4 7 1 11 2 4 2 14 3 14 10 5 27 28 27 28 16 13 10 11 36 13 18 14 21 9 13 14 11 12 23 29 49 39 
42 0 0 5 9 6 5 3 8 7 2 8 14 10 6 11 13 4 13 9 12 14 3 9 12 4 4 5 6 6 7 19 20 7 7 6 7 8 10 14 13 18 9 12 15 23 28 10 11 27 20 
43 2 3 6 6 3 3 12 2 14 6 8 12 4 13 0 14 13 12 2 5 10 11 2 1 14 1 15 13 7 0 4 20 6 13 3 13 8 12 13 13 13 18 6 16 21 32 24 9 18 14 8 15 12 19 23 41 37 28 36 
44 1 6 7 9 6 11 1 13 5 10 11 13 14 15 16 2 5 13 7 13 10 13 6 7 9 4 6 14 7 15 18 23 14 11 11 3 15 7 3 27 12 7 16 13 6 8 8 4 10 12 13 20 9 10 11 12 14 16 25 20 34 38 42 
45 1 4 10 7 3 0 8 13 12 13 9 14 3 13 7 14 8 2 3 12 15 4 1 11 11 15 5 10 13 13 12 0 11 2 9 12 15 17 13 8 10 14 13 15 15 25 15 17 38 18 29 30 34 42 
46 0 2 7 7 4 6 6 10 3 1 7 1 3 13 16 3 3 13 10 19 11 7 15 0 3 5 7 15 16 8 11 3 14 27 13 12 15 19 12 7 10 26 27 16 24 28 33 45 
47 1 0 6 2 7 7 9 6 12 6 7 4 11 14 6 12 5 14 17 5 10 13 5 15 9 5 14 0 12 13 11 7 11 8 10 11 13 14 7 11 4 8 4 24 12 18 14 14 17 15 10 10 13 13 26 35 21 23 41 31 
48 4 2 2 0 7 7 6 5 13 13 13 5 4 11 6 12 14 2 14 0 15 8 13 5 19 1 9 11 12 5 3 7 8 7 2 13 6 13 5 4 3 7 14 9 25 12 15 13 14 26 19 25 21 35 50 42 40 
49 0 2 1 4 3 1 4 11 3 6 6 1 11 15 13 4 8 8 14 3 11 10 10 14 11 0 7 11 8 4 14 5 1 11 3 7 14 7 7 8 21 13 9 13 14 7 15 8 29 28 10 27 25 21 28 29 38 39 46 
50 7 7 7 6 7 11 14 4 14 11 14 14 8 4 20 16 14 13 14 12 12 10 20 13 7 35 6 15 12 13 20 13 24 13 16 19 29 91 
51 7 7 6 4 9 10 10 4 15 2 7 6 13 8 7 12 19 4 14 12 4 3 8 24 22 4 3 27 5 4 7 13 7 13 36 15 14 13 22 17 29 42 37 
52 2 2 2 7 7 4 3 1 11 13 5 14 14 1 13 7 10 4 11 1 1 10 7 12 10 9 14 5 8 1 12 28 6 12 29 7 8 9 10 18 12 24 31 34 34 45 35 43 
53 2 10 14 7 2 9 7 11 14 13 13 17 5 13 3 3 13 11 16 4 19 3 6 4 14 6 15 9 32 14 13 18 14 11 17 21 30 32 42 
54 2 1 7 3 8 8 8 3 3 10 3 10 14 14 5 5 20 6 8 0 4 25 7 13 20 22 14 3 9 9 34 13 14 13 28 27 40 63 97 
55 5 3 3 14 12 12 4 15 0 4 7 10 5 1 9 5 4 6 3 9 15 12 6 2 7 14 6 10 18 21 43 22 25 26 41 
56 3 4 3 3 5 0 5 10 6 4 2 10 7 13 6 8 2 5 1 15 5 20 9 26 15 11 10 8 8 10 23 14 19 9 9 29 14 25 42 
57 7 7 11 8 4 11 11 14 14 14 8 7 8 9 13 6 13 7 4 14 5 13 22 11 12 7 14 11 18 18 37 19 27 36 41 43 58 74 
58 4 6 3 13 4 11 3 10 14 11 8 3 5 8 3 2 19 14 14 20 31 6 15 19 25 24 32 26 28 42 43 
59 4 7 7 6 6 8 11 2 13 7 5 13 24 6 9 15 19 6 9 2 20 2 4 13 18 11 31 28 11 15 14 17 38 24 
60 2 2 6 10 8 11 4 1 7 14 7 5 13 6 3 6 13 6 14 4 8 13 23 10 17 15 10 26 14 29 
61 8 3 12 10 1 8 6 14 7 10 6 12 7 13 14 14 18 15 18 20 33 27 37 29 40 45 
62 2 0 4 12 0 13 1 6 2 9 6 5 14 19 5 5 15 14 15 7 29 15 14 13 8 14 9 8 9 11 4 15 19 34 55 38 
63 9 5 7 4 7 13 12 11 11 7 13 12 5 3 20 3 15 0 15 6 24 11 27 13 27 31 21 44 39 
64 6 2 6 6 7 6 0 13 14 7 14 10 12 6 19 10 3 0 21 6 2 16 3 6 10 19 
65 0 11 0 6 6 11 13 11 10 2 12 6 7 15 6 7 10 7 22 3 11 4 2 18 7 7 11 24 13 11 36 20 38 40 
66 5 2 11 5 4 0 9 20 1 15 16 4 8 17 15 11 7 5 11 14 14 28 29 
67 9 3 10 9 1 9 3 9 9 9 17 11 11 22 8 1 8 16 13 11 29 23 27 
68 3 11 0 11 6 11 7 14 18 9 5 11 13 13 14 14 13 18 27 21 28 
69 9 7 15 11 4 13 2 4 3 7 13 7 13 9 5 25 32 17 21 11 27 33 
70 0 3 5 9 12 7 17 12 1 9 11 8 42 35 
71 5 6 1 4 15 15 14 8 0 5 14 
