0 1 2 2 3 0 5 0 4 8 5 4 8 9 8 9 7 9 11 2 10 12 10 14 13 6 9 11 15 6 13 13 13 13 14 3 11 7 6 11 13 14 16 6 14 14 15 12 9 5 11 18 19 11 2 11 12 11 13 11 13 13 12 8 11 7 4 7 2 5 5 2 6 4 2 14 9 2 15 24 13 3 9 3 6 7 4 14 6 18 0 10 7 6 10 11 4 7 9 3 12 17 6 7 11 8 7 7 14 14 13 13 16 14 13 7 6 35 11 14 7 8 8 11 31 13 17 14 10 10 18 29 13 14 13 14 14 20 13 12 16 14 14 14 14 15 16 27 34 
1 3 3 3 2 3 6 4 8 8 2 8 3 9 6 6 7 12 13 7 14 14 14 13 1 2 8 15 14 3 13 15 13 4 14 11 13 1 3 4 15 14 7 8 14 7 5 5 14 13 11 10 6 13 18 14 1 8 13 13 15 13 10 3 20 13 21 3 11 12 16 25 13 14 13 21 5 13 9 14 12 9 18 14 12 13 3 13 14 12 7 17 11 18 7 4 13 13 15 5 13 4 9 14 14 13 10 13 7 8 6 10 5 16 13 13 8 6 6 16 10 27 12 18 15 13 11 14 15 16 14 9 20 9 14 17 12 14 15 14 13 14 20 14 15 15 18 17 21 29 34 
2 1 3 3 5 6 8 6 7 0 9 2 4 5 6 7 9 5 7 0 6 12 13 2 14 7 12 14 7 6 14 8 14 2 3 6 12 5 14 10 0 2 17 18 18 13 14 12 11 6 14 13 12 12 11 14 6 13 14 6 14 10 3 10 2 5 11 11 19 14 4 14 1 6 8 12 0 13 17 1 13 9 14 7 6 7 0 2 9 12 14 14 10 30 18 15 6 19 11 17 8 4 12 14 10 13 2 5 4 8 12 13 16 7 19 16 10 6 14 7 9 15 7 9 8 19 13 11 14 29 14 12 14 10 13 20 15 13 13 23 14 14 20 13 23 18 21 35 56 
3 0 0 1 2 4 4 6 5 0 6 1 2 7 11 9 11 6 3 11 13 2 4 14 9 14 6 13 7 7 7 5 4 7 0 5 5 2 12 3 15 13 12 12 1 8 6 12 7 8 10 13 10 14 18 10 1 10 12 19 17 4 13 9 6 14 6 14 12 0 5 18 13 16 11 14 13 1 9 5 3 12 0 18 5 16 5 15 14 10 13 10 13 12 17 14 13 13 7 5 14 13 12 14 9 14 14 11 12 2 9 15 4 6 14 14 14 7 24 5 13 9 14 11 13 16 10 10 13 13 11 14 13 14 11 20 11 12 13 13 13 14 15 26 22 23 32 29 47 92 
4 3 2 6 5 6 2 8 7 1 9 4 8 3 6 7 10 6 12 1 7 12 7 11 14 3 11 5 14 9 1 15 13 0 2 14 0 9 13 14 0 3 14 14 12 4 12 13 14 11 6 9 3 6 14 14 17 13 11 6 14 6 10 3 13 4 14 5 11 13 13 7 14 13 7 18 11 8 8 8 19 2 10 15 23 3 17 13 13 13 10 4 2 5 9 14 1 14 14 9 13 19 5 26 3 13 3 3 14 6 6 4 6 13 5 8 8 20 15 16 4 11 16 11 2 12 17 7 6 7 7 16 13 7 15 6 6 17 20 4 14 12 8 3 13 4 11 8 6 12 5 14 9 21 14 17 10 22 28 8 28 8 19 9 27 8 13 15 16 11 29 12 12 13 41 14 14 12 28 23 14 21 27 27 27 30 20 20 46 25 38 27 25 33 35 31 35 37 56 71 
5 0 1 3 4 4 6 4 4 6 5 1 4 4 0 6 6 6 7 8 3 8 7 5 0 8 9 11 1 13 9 11 4 8 14 4 4 13 3 14 3 2 15 4 18 14 13 15 3 7 7 8 3 12 12 8 7 2 11 9 1 13 8 14 21 4 2 21 16 3 15 2 11 10 5 24 0 4 23 6 10 11 3 2 13 7 6 2 5 3 15 2 2 10 2 27 22 20 0 0 4 14 4 28 0 14 16 5 3 12 2 21 11 10 9 24 7 7 27 9 11 6 7 10 14 6 13 5 6 7 13 22 16 14 23 13 15 33 25 13 12 10 13 13 14 13 21 18 23 22 17 14 23 28 13 14 19 27 30 28 26 27 27 42 27 22 34 43 28 33 30 28 35 41 29 40 24 28 39 33 57 
6 3 2 2 5 3 1 6 7 4 4 1 9 3 8 4 2 7 1 6 12 13 12 14 12 14 13 12 4 14 14 3 13 12 12 14 13 2 11 11 2 14 2 4 13 0 13 1 17 4 7 6 1 1 2 8 6 3 2 10 6 14 6 16 6 9 19 19 15 9 13 15 1 1 6 7 13 25 1 7 18 8 5 7 14 7 5 0 15 7 12 2 0 25 5 15 9 28 18 13 6 3 12 1 29 8 7 7 3 3 13 8 10 26 28 9 10 21 10 33 5 8 14 14 5 11 13 11 22 28 12 11 15 12 30 18 14 15 26 14 9 26 9 24 18 15 19 13 34 17 25 14 15 42 29 22 15 27 15 27 29 20 34 29 29 31 34 62 41 47 51 63 57 48 50 58 59 63 62 61 75 120 
7 1 2 4 2 4 3 3 3 6 1 2 0 5 7 1 2 7 4 2 6 5 10 8 10 4 5 6 3 2 6 3 6 12 8 10 2 3 0 2 12 11 10 6 3 4 3 4 9 8 8 10 2 5 7 14 13 7 4 6 4 8 7 16 21 20 5 1 14 9 6 5 3 20 22 12 2 17 23 8 15 10 21 14 15 16 9 9 14 19 14 19 19 26 25 13 10 14 27 14 35 24 28 33 23 27 15 23 25 33 33 15 18 20 17 17 20 28 27 23 35 26 28 39 35 32 27 23 28 26 36 26 34 51 33 56 47 47 39 51 43 52 56 52 60 
8 1 0 3 1 3 4 3 4 7 2 1 2 3 8 7 3 10 9 9 8 7 5 11 6 11 12 1 13 14 10 4 0 6 4 10 4 5 2 8 13 14 1 1 8 0 14 4 3 3 1 7 10 13 4 13 6 18 1 0 7 0 12 4 2 12 12 14 13 3 17 11 4 7 13 5 21 7 1 15 9 12 16 4 7 20 6 13 9 9 8 14 7 7 11 13 3 7 3 13 13 21 27 23 5 4 13 3 10 10 12 8 11 25 11 9 6 13 28 12 16 14 15 9 14 8 14 12 13 26 15 8 13 26 14 26 11 21 18 13 14 28 12 26 13 28 18 14 20 15 38 25 42 28 23 29 27 20 41 27 29 29 32 40 45 40 42 67 62 63 
9 2 4 1 5 4 3 5 8 9 6 4 4 6 4 2 5 11 8 9 3 10 1 8 13 2 14 12 13 7 13 11 12 13 13 7 5 2 1 13 5 14 5 6 13 9 2 4 2 17 3 6 11 4 12 18 9 3 9 5 12 12 7 0 6 19 14 13 10 7 5 9 15 14 5 14 6 10 2 7 8 25 22 23 11 2 15 5 14 7 1 8 16 9 3 7 17 10 14 8 4 4 7 5 12 7 20 3 7 0 8 10 12 0 14 13 9 6 1 4 14 5 4 20 9 2 5 10 2 24 14 3 11 12 12 13 10 11 6 21 6 13 7 29 9 14 18 11 34 19 11 18 32 13 13 20 13 22 20 30 15 29 18 33 19 30 36 19 50 28 37 50 29 30 41 58 
10 2 6 2 4 2 6 3 3 2 6 6 4 4 3 5 7 10 8 3 7 6 7 7 6 10 14 14 4 9 3 13 12 14 13 5 8 3 8 3 11 10 3 5 11 4 5 1 7 13 6 1 11 12 3 14 11 3 7 22 20 13 8 11 7 17 6 7 23 12 17 9 11 13 7 14 10 6 12 14 13 2 9 13 12 2 1 13 24 26 15 9 9 10 12 11 10 14 6 3 3 10 17 8 14 19 12 28 13 13 11 8 22 8 9 6 6 17 7 35 13 35 14 11 9 20 12 10 11 13 21 26 37 20 15 21 27 16 38 40 30 25 41 28 35 44 34 35 35 43 57 65 63 83 
11 2 1 6 7 1 2 6 3 4 3 7 4 8 1 2 4 12 13 8 10 7 6 6 14 13 5 12 3 6 7 13 5 10 4 1 0 3 16 1 16 3 10 3 11 8 14 10 16 7 7 16 12 9 2 16 5 4 14 4 6 17 14 3 7 3 6 16 6 5 16 6 10 10 7 25 8 3 13 1 21 14 8 13 1 5 4 24 15 9 10 7 12 15 7 2 13 12 15 8 7 4 15 3 24 7 14 14 8 22 7 17 5 14 9 14 13 28 14 19 10 7 12 28 20 23 15 36 13 30 13 26 15 14 14 17 13 14 25 16 31 28 38 24 41 26 31 39 64 
12 1 0 4 4 3 4 5 1 9 2 9 3 4 3 4 11 3 3 5 5 6 8 13 3 13 13 4 1 1 11 14 5 12 14 1 13 8 13 14 17 16 16 3 14 13 6 14 7 13 4 7 10 14 6 20 6 13 8 14 22 11 7 24 22 9 13 13 3 14 16 14 0 6 13 19 11 11 3 15 12 28 13 13 13 26 12 10 2 0 14 4 13 4 2 8 21 18 18 2 8 10 13 28 19 8 11 14 9 10 29 35 21 34 12 13 24 13 32 14 21 17 28 23 12 17 12 26 13 34 18 14 41 14 16 28 25 41 43 36 91 118 
13 4 1 7 6 6 0 7 3 7 5 9 11 10 7 12 4 3 9 4 10 14 2 0 11 8 1 5 11 0 6 7 13 9 5 11 9 14 14 7 13 6 7 14 9 13 15 9 19 8 10 7 7 9 13 14 7 13 14 1 22 11 18 14 8 2 13 6 7 5 13 1 7 7 0 14 14 13 4 13 4 8 15 14 18 6 9 5 25 9 4 10 13 13 12 13 18 11 18 13 8 27 19 13 10 15 22 13 9 20 13 11 17 9 29 24 28 17 15 11 14 13 21 26 28 28 28 39 29 35 43 54 91 
14 0 1 1 3 1 4 2 5 4 2 5 3 2 4 2 10 6 6 6 4 8 11 1 7 9 9 4 11 6 12 7 13 1 13 1 2 2 7 8 7 13 1 10 16 12 9 13 5 2 4 11 9 3 12 3 17 8 5 21 7 14 12 7 9 14 2 16 3 6 12 2 9 3 11 22 11 12 23 25 5 8 3 13 2 6 12 13 16 17 3 9 6 2 24 14 12 14 11 18 9 19 12 32 7 13 11 5 20 6 8 7 19 6 12 31 20 13 25 8 10 11 8 16 17 10 20 25 12 14 16 13 35 36 22 24 43 27 24 18 28 29 21 23 33 34 39 49 35 38 55 155 
15 0 0 0 2 0 2 4 2 4 8 5 8 10 6 3 5 12 2 6 5 3 15 0 4 13 12 6 13 2 6 11 13 9 13 0 4 6 8 6 15 11 9 10 1 10 8 9 11 11 13 4 17 18 12 12 12 6 10 4 16 5 2 19 10 4 4 8 15 4 14 9 17 7 4 14 13 13 13 13 5 6 14 2 6 28 8 13 11 28 7 12 22 21 35 34 13 22 10 14 12 13 14 20 20 27 19 20 27 27 20 37 28 28 27 28 34 25 39 31 69 63 61 
16 6 3 2 4 3 6 5 10 2 12 11 0 11 1 3 14 14 9 11 15 9 6 11 11 12 1 9 2 5 11 0 0 6 23 5 7 6 8 26 16 13 17 2 14 11 5 3 12 12 22 5 5 1 20 12 18 0 14 24 14 16 15 5 18 6 14 7 7 11 12 11 14 14 11 13 9 14 11 9 24 11 14 14 41 14 21 25 34 30 36 28 30 27 42 35 42 36 70 
17 4 8 2 6 11 3 1 8 12 4 13 0 5 10 15 4 6 3 10 2 4 3 4 12 8 14 1 2 1 2 20 13 4 15 3 10 13 7 14 20 2 26 18 4 7 11 12 3 14 11 12 6 6 7 2 9 7 8 23 14 11 11 14 18 22 17 12 15 28 28 27 12 13 23 16 29 28 21 28 21 26 48 37 32 56 38 60 91 
18 5 5 9 1 9 6 7 3 4 12 7 13 13 2 14 14 14 2 14 5 6 13 4 5 11 12 6 10 3 4 13 16 12 23 13 4 7 9 8 13 13 7 12 1 3 4 11 10 8 2 4 7 8 7 5 10 14 22 4 5 6 13 7 14 15 26 25 10 22 14 10 9 34 11 13 14 29 28 15 35 16 25 26 28 60 157 
19 0 3 2 7 9 10 2 10 7 13 7 7 6 11 12 9 13 8 6 4 13 12 2 11 7 14 1 13 4 13 11 9 23 16 6 10 13 11 13 0 10 11 13 9 12 7 8 4 4 21 12 14 24 17 4 8 14 7 18 10 18 35 12 35 8 9 11 20 13 20 10 14 12 24 15 13 19 37 25 34 21 32 23 37 39 34 34 
20 2 8 0 2 9 4 3 6 4 4 8 12 4 13 6 8 7 5 7 4 12 11 9 17 19 2 10 15 5 8 8 0 6 14 21 9 13 14 8 6 10 4 14 25 17 8 15 10 8 12 22 13 16 15 16 14 15 34 12 18 29 14 14 14 19 29 27 23 26 22 34 34 40 25 
21 2 2 3 2 2 1 9 7 4 2 11 3 4 9 7 12 11 3 4 7 13 14 8 14 10 16 2 8 3 13 10 12 2 5 20 12 10 11 3 12 8 2 20 13 9 4 22 4 14 5 7 8 28 5 3 6 31 14 5 12 12 7 22 11 8 13 11 10 11 8 18 19 34 15 24 16 13 25 36 14 29 37 27 31 32 43 91 127 
22 2 7 2 6 10 11 10 8 7 10 11 13 1 5 1 4 1 6 6 0 14 12 14 3 14 6 7 7 24 10 11 11 11 9 14 11 9 14 9 10 13 13 17 14 10 11 10 12 7 19 9 10 26 13 9 11 14 25 25 13 24 27 18 21 21 22 39 22 23 43 28 43 
23 1 2 2 5 0 1 7 0 2 10 3 11 7 4 6 13 12 12 6 8 4 1 10 1 11 9 14 6 15 9 6 3 3 5 13 5 12 14 5 6 12 12 1 7 20 9 19 10 8 10 8 19 13 15 11 27 13 5 10 21 20 6 27 8 36 32 29 22 11 14 14 31 16 29 28 19 29 42 32 40 
24 3 2 5 0 9 7 4 8 8 10 6 2 8 8 6 9 4 19 6 5 12 12 14 5 15 3 2 3 6 11 7 13 17 11 13 4 7 1 7 6 5 6 6 5 1 7 2 13 6 3 14 3 4 5 4 26 12 6 7 12 14 15 15 12 21 20 18 16 13 18 28 30 27 40 35 23 23 27 41 39 37 
25 1 2 5 6 8 6 2 2 12 11 3 12 18 16 9 9 10 1 0 15 14 7 10 16 5 14 2 8 13 17 8 17 5 20 19 7 4 17 3 3 7 5 6 10 27 6 13 7 5 10 8 28 29 11 35 10 13 14 13 35 39 21 41 26 30 26 39 
26 1 4 5 4 1 5 5 7 1 11 0 3 14 15 4 8 16 2 10 14 13 15 12 13 12 3 13 13 12 13 8 6 8 12 7 4 28 6 7 0 13 3 11 14 3 20 3 8 2 11 2 11 20 15 10 19 14 34 24 8 15 12 36 11 26 16 12 30 13 14 32 53 35 31 29 40 35 57 39 39 44 
27 1 0 6 5 6 6 4 5 2 8 4 6 14 9 8 2 6 4 9 14 5 12 5 5 11 18 6 1 0 12 14 6 11 13 1 17 10 6 22 5 6 11 6 2 13 6 6 8 7 6 28 14 6 9 10 27 13 14 37 39 26 14 18 35 20 19 25 30 37 55 
28 1 0 3 6 7 2 1 6 6 2 10 14 4 13 0 7 7 13 10 12 10 7 2 11 1 14 1 1 8 7 4 7 15 13 1 5 11 5 13 7 15 7 6 6 12 1 10 11 6 13 18 9 16 17 12 30 11 7 25 13 14 42 16 37 17 35 24 25 45 41 51 91 
29 7 6 6 4 3 8 5 7 2 0 7 6 3 16 2 6 5 10 11 1 5 1 6 16 3 11 4 4 10 4 11 14 7 13 5 2 14 1 8 13 5 11 11 23 9 10 10 34 36 11 13 23 13 24 14 13 29 41 22 41 36 49 43 63 238 
30 3 5 5 4 1 0 0 7 4 15 11 1 7 15 12 3 5 11 13 13 3 14 13 8 3 14 6 15 6 14 0 12 5 15 10 0 1 17 16 5 9 7 2 13 12 9 14 24 28 13 23 12 14 20 20 16 33 32 37 29 28 27 35 42 66 
31 2 3 3 2 6 6 6 3 10 12 12 6 1 13 2 3 11 6 2 3 12 14 11 1 18 6 0 13 16 12 14 7 1 5 9 10 3 10 13 7 15 10 26 13 12 9 10 15 18 26 34 13 19 13 16 42 36 27 38 36 
32 4 8 9 4 5 10 6 13 15 1 7 6 7 13 9 11 4 18 1 19 5 12 9 4 13 6 21 23 21 5 12 7 17 2 4 14 1 10 14 10 13 14 13 11 14 14 9 8 12 19 16 34 24 33 27 45 42 62 
33 6 6 5 2 10 3 7 1 8 12 8 8 15 13 5 2 14 3 17 7 12 1 5 1 7 10 14 11 5 22 12 3 4 2 7 13 14 14 24 18 13 13 28 18 36 20 33 39 35 
34 4 3 6 6 7 0 7 6 14 13 3 8 6 9 7 2 0 13 4 3 14 3 9 9 15 6 1 13 15 10 8 4 1 11 13 13 14 18 13 30 18 5 9 25 7 12 9 12 21 35 41 32 58 
35 3 5 4 8 8 9 2 4 7 8 14 10 6 3 11 2 9 20 11 6 11 8 6 5 23 13 10 26 12 11 15 7 13 7 7 5 16 5 2 29 33 6 5 14 8 7 31 36 13 10 29 12 11 40 35 62 
36 4 1 5 7 8 9 8 3 11 14 13 10 13 12 10 7 4 13 6 15 7 17 11 5 2 7 14 7 3 3 19 27 13 14 5 19 12 32 7 7 14 33 34 
37 3 3 5 4 6 11 5 3 9 12 9 6 15 4 4 13 9 16 16 14 1 26 6 12 11 15 3 27 6 12 4 6 15 21 15 9 10 35 15 13 27 29 28 43 64 
38 3 7 8 5 3 5 2 0 4 10 8 4 6 5 6 13 2 3 12 3 0 9 14 9 1 1 20 15 3 12 0 11 13 3 8 9 4 14 13 12 15 22 11 16 14 14 18 38 42 44 
39 1 6 10 2 8 14 5 11 14 3 12 8 0 2 14 3 4 11 3 23 28 27 5 6 21 9 12 10 12 13 14 23 21 27 33 64 
40 9 10 7 4 2 11 14 11 11 5 6 6 8 14 13 11 4 6 5 15 14 15 13 14 4 5 3 16 4 8 17 10 12 7 10 7 22 36 19 27 40 
41 3 3 7 5 8 5 0 13 14 6 13 13 4 2 11 15 13 10 16 6 4 27 19 27 6 3 25 35 7 18 10 23 14 27 30 
42 6 2 5 10 11 17 15 10 1 1 3 11 12 19 11 13 6 10 1 9 10 15 15 12 5 6 7 1 12 2 6 11 12 27 7 33 8 13 13 10 16 13 17 14 
43 4 7 5 2 8 2 6 10 12 3 13 17 12 13 0 3 9 7 7 3 1 10 4 2 15 11 6 11 7 1 5 5 19 22 1 15 12 5 13 4 13 15 14 14 21 11 14 15 17 63 90 
44 1 0 3 5 1 7 10 10 10 1 6 5 9 4 1 14 3 13 14 6 11 14 2 24 16 11 11 21 2 10 15 13 13 5 13 25 9 7 13 13 29 27 22 38 
45 0 3 6 13 12 9 9 7 11 10 13 2 19 13 2 2 3 13 1 14 1 2 5 13 4 8 20 25 12 14 3 7 13 6 11 17 35 29 11 11 13 15 14 
46 6 8 13 9 5 8 12 13 14 0 11 11 14 12 3 14 3 17 9 14 2 13 12 14 14 14 13 6 15 17 26 21 17 19 24 41 29 40 28 
47 1 5 4 2 8 6 7 2 8 10 12 1 14 5 27 2 13 5 6 4 5 13 5 17 16 27 14 15 15 20 23 36 
48 5 6 5 7 9 4 14 14 3 11 1 14 4 17 5 6 2 12 9 21 8 11 2 13 12 16 11 12 12 13 41 35 28 72 
49 0 4 5 10 2 3 4 3 12 0 6 12 0 14 10 14 9 0 17 11 14 13 11 24 21 19 41 57 
50 5 3 6 5 2 9 6 14 14 17 5 1 10 6 13 2 12 24 11 13 43 42 
51 1 2 5 11 3 5 10 7 3 3 13 10 14 19 12 14 18 20 12 
52 2 7 3 4 14 9 12 6 5 2 9 2 9 7 36 28 14 15 24 
53 6 11 4 14 2 4 4 14 3 11 4 4 55 
54 3 6 1 12 1 8 8 0 13 10 7 14 2 16 13 28 35 41 41 
55 3 14 17 3 4 9 2 16 11 29 3 4 15 14 19 15 
56 2 3 1 6 21 4 27 13 28 14 29 42 41 
57 5 6 15 3 17 5 14 22 35 64 
58 9 11 6 2 1 4 6 4 24 15 13 34 14 
59 9 8 8 6 12 5 13 10 14 20 21 14 16 12 34 39 
60 4 2 9 2 1 8 13 11 15 14 15 
61 4 5 11 1 13 7 5 25 23 29 45 
62 1 6 4 5 7 8 3 14 29 6 36 92 
63 12 6 13 8 17 2 5 4 3 5 13 14 26 
64 10 17 36 
65 5 5 7 6 13 18 9 11 
66 12 5 23 19 20 30 
67 2 10 16 3 25 
68 4 14 6 21 13 
69 6 6 6 
70 14 12 11 26 
71 12 21 9 
