0 
1 
2 
3 
4 
5 
6 
7 
8 
9 
10 
11 
12 
13 
14 
15 
16 
17 
18 
19 
20 
21 
22 
23 
24 
25 
26 
27 
28 
29 
30 
31 
32 
33 
34 
35 
36 
37 
38 1 1 1 0 1 3 2 2 1 2 3 3 3 3 3 0 3 5 3 4 6 5 4 5 3 3 6 4 5 4 6 7 4 6 5 4 7 3 7 7 6 6 7 7 4 7 4 6 5 6 8 9 7 9 10 9 8 7 7 7 11 10 7 10 7 7 10 8 7 10 8 8 10 11 10 9 13 11 12 10 10 9 11 10 9 12 13 9 11 13 12 14 11 13 14 14 11 10 13 11 14 11 14 13 11 14 13 14 13 14 13 14 15 13 11 14 13 16 14 13 13 15 13 14 14 15 19 15 17 21 24 25 36 
39 0 0 3 4 4 5 4 0 6 7 5 7 7 7 7 1 7 8 3 8 6 1 9 0 7 10 6 7 6 6 2 11 10 2 5 4 5 3 4 11 4 12 6 4 3 2 0 10 5 13 13 2 3 4 7 11 5 3 11 12 5 6 0 8 14 9 14 14 0 1 13 11 13 7 3 11 8 10 12 14 7 7 5 15 14 4 5 1 6 1 17 16 5 0 6 3 5 16 3 11 4 5 3 3 14 7 11 10 10 5 14 7 6 5 12 0 11 6 12 12 3 10 3 14 9 11 8 3 2 13 13 13 6 14 14 6 5 2 10 21 13 14 12 6 6 5 9 7 14 6 14 4 5 6 1 7 6 21 12 19 14 5 4 3 14 10 11 6 9 11 2 12 7 7 7 7 3 8 6 6 14 15 6 13 15 14 13 4 13 10 11 14 10 4 7 3 5 14 4 11 14 1 12 8 15 13 12 13 13 1 8 11 5 5 11 0 6 11 15 14 1 8 14 8 0 7 11 9 7 14 1 12 4 5 1 12 8 14 8 5 9 7 13 9 14 8 2 13 14 12 6 6 7 10 10 10 3 8 13 10 13 14 13 16 14 27 12 7 13 13 14 13 6 15 6 7 10 4 18 11 9 14 8 15 12 15 14 12 14 14 9 13 13 15 11 27 14 14 14 26 18 7 12 14 11 12 13 13 24 15 12 13 6 11 7 11 7 10 14 8 12 13 12 14 14 7 13 7 13 8 8 14 13 8 13 9 9 13 11 14 13 14 12 11 14 10 14 15 22 18 14 10 10 10 11 13 13 14 14 13 14 12 12 12 19 18 19 13 35 13 14 13 15 15 13 17 21 38 35 45 
40 0 1 1 3 0 0 0 0 1 3 2 0 4 1 1 6 0 2 3 6 3 3 5 2 5 5 6 0 8 4 2 0 4 6 5 11 4 7 4 7 7 2 3 12 5 7 2 8 4 8 13 1 4 7 10 2 11 6 8 14 1 13 10 13 12 4 4 11 13 13 2 15 0 14 12 11 14 10 2 14 3 14 14 0 2 1 3 14 11 2 8 12 13 4 3 16 0 9 3 9 13 10 7 11 17 2 7 7 11 14 13 4 13 6 9 9 5 12 4 2 5 11 6 8 10 4 19 7 5 6 10 7 10 8 13 13 3 4 14 13 14 13 4 4 14 7 10 13 10 9 13 1 13 8 6 6 9 6 14 10 12 0 3 8 14 4 3 8 21 0 14 4 14 12 14 1 12 14 8 14 3 4 6 8 15 12 9 5 11 10 13 3 13 7 15 3 5 5 15 3 14 4 5 12 4 4 13 8 12 4 5 7 11 6 9 8 13 13 0 13 0 11 6 9 15 8 17 6 16 19 13 13 12 0 6 12 14 6 9 2 13 9 14 14 7 14 13 10 9 6 19 16 8 8 9 11 9 2 8 4 11 12 13 14 6 3 4 13 2 4 6 20 12 12 12 5 10 7 5 4 7 6 12 7 7 5 12 12 11 22 5 8 6 7 13 5 8 29 13 5 12 13 12 15 13 27 12 6 16 9 7 10 14 8 7 8 13 6 14 21 14 19 7 13 11 13 8 13 17 12 28 10 11 12 14 11 13 14 13 14 11 13 11 11 10 14 13 13 12 13 12 14 12 34 14 14 15 13 13 14 14 21 13 18 21 14 17 18 20 26 26 28 21 34 31 31 111 
41 0 2 2 3 0 3 2 4 1 4 6 2 2 1 6 7 4 5 4 0 4 7 8 1 0 4 7 1 5 7 0 9 9 8 7 7 8 7 7 6 3 11 9 8 7 0 4 12 7 7 11 8 10 10 9 5 6 4 0 11 9 14 6 14 7 6 14 3 15 8 0 3 4 1 8 7 7 9 12 1 2 4 8 13 12 7 13 2 2 11 14 3 12 7 7 13 5 5 7 5 8 8 13 14 0 6 5 2 14 14 14 15 7 14 7 7 4 4 14 14 4 6 13 7 14 3 11 14 8 13 7 0 11 7 4 13 4 11 13 10 4 8 12 5 3 9 2 13 1 5 8 11 11 14 14 14 5 4 2 2 15 7 14 13 1 5 2 13 7 6 16 13 16 10 12 8 14 14 2 15 11 11 1 12 14 8 4 6 7 12 14 12 0 13 8 3 4 12 13 4 12 14 2 4 6 13 8 15 4 12 15 5 9 13 14 2 14 14 16 8 6 7 4 10 3 4 7 12 7 1 3 7 5 14 6 7 6 13 13 13 12 0 4 7 0 12 4 2 14 11 11 4 0 7 25 6 20 7 12 8 17 4 4 12 9 2 23 12 0 14 6 14 2 7 4 11 13 8 14 13 9 13 15 11 12 18 4 7 12 12 8 6 4 3 8 14 3 14 5 17 15 7 6 12 7 13 11 12 5 9 10 6 13 14 14 14 14 7 7 13 12 10 14 14 7 14 13 8 13 16 9 14 15 13 13 9 13 12 12 11 13 14 12 12 13 14 17 13 12 23 13 13 11 14 11 12 14 16 13 12 14 12 14 18 16 13 12 14 14 14 33 27 27 20 20 28 24 36 
42 0 1 0 4 2 5 3 0 3 5 4 1 1 2 6 1 2 6 7 4 0 7 7 7 1 2 8 0 7 7 7 8 7 3 0 3 4 4 2 6 4 5 4 6 6 10 7 3 5 5 5 12 12 10 6 6 8 10 6 12 7 2 11 3 0 0 5 2 7 6 13 7 9 14 14 13 2 6 6 13 14 10 14 6 9 5 14 14 11 13 14 9 9 7 10 10 8 14 14 7 6 9 6 5 6 4 3 11 6 13 14 14 14 4 12 14 6 13 13 13 14 10 13 3 12 4 11 2 3 7 4 17 7 11 8 11 1 5 10 4 12 14 12 12 12 5 7 8 12 6 9 5 0 16 14 6 9 3 6 3 5 13 9 8 9 16 6 15 13 9 7 7 17 14 14 14 11 6 6 9 5 5 6 8 18 1 1 17 14 3 7 13 8 10 14 13 3 14 2 14 11 7 16 10 15 13 13 10 12 11 6 13 12 3 14 3 13 14 13 10 10 6 14 7 7 4 14 15 14 12 14 13 2 5 13 11 13 12 7 14 14 13 4 3 7 13 14 5 14 0 13 3 14 4 17 13 13 3 13 4 7 10 0 4 14 8 8 7 4 4 4 11 6 12 8 6 3 5 6 7 13 6 14 11 4 7 17 7 12 13 15 15 13 4 15 13 13 14 3 10 14 14 13 10 6 13 13 10 13 14 13 14 14 11 6 6 6 7 7 8 10 9 12 9 7 7 9 14 12 7 15 20 8 14 8 13 13 12 8 12 8 14 14 14 14 12 11 13 13 9 14 15 28 27 13 19 14 9 14 12 13 13 15 11 15 13 20 13 14 13 15 13 14 14 14 22 36 23 27 86 95 
43 0 3 2 3 1 3 4 4 5 4 6 4 7 5 4 2 0 4 6 5 4 3 4 4 0 6 2 6 5 6 0 7 4 9 6 9 5 2 1 1 3 5 9 11 3 7 9 3 4 1 8 2 2 9 10 10 10 3 3 9 9 8 12 3 3 5 6 13 11 7 5 14 1 5 10 14 4 7 5 13 5 15 13 5 14 1 4 4 6 10 14 12 11 5 13 14 2 11 14 11 2 3 0 0 8 10 7 7 12 6 2 14 7 10 12 4 11 5 11 13 8 13 2 8 11 13 11 11 10 7 2 2 3 4 2 14 17 2 4 3 3 4 13 13 6 11 1 7 14 12 14 9 13 14 14 14 9 11 14 4 11 14 15 12 7 5 9 5 2 1 17 10 9 7 13 14 5 15 4 0 7 3 5 11 0 2 15 5 10 13 13 9 18 5 1 14 14 6 12 3 9 4 4 8 14 16 6 8 14 13 13 0 14 9 13 13 8 8 0 5 7 11 10 13 13 6 13 12 3 13 7 14 1 9 2 14 1 4 12 0 12 5 14 16 14 27 27 6 14 4 3 6 18 15 5 13 10 10 9 3 13 6 7 4 12 7 19 14 1 2 27 5 11 16 24 13 5 7 8 7 13 6 6 12 14 10 5 15 9 9 12 12 4 23 12 4 6 14 28 6 7 23 14 14 15 11 15 8 9 14 14 7 14 9 9 14 15 12 13 12 10 15 7 10 11 12 13 12 14 13 12 10 14 14 15 14 13 13 18 15 12 10 9 16 9 16 14 13 13 13 14 14 13 14 13 14 12 13 13 24 36 14 20 13 22 15 14 19 22 25 28 29 36 47 41 42 50 56 
44 0 2 2 3 5 4 2 2 3 2 4 7 7 7 8 6 7 3 5 1 7 8 1 6 5 2 10 0 2 6 5 2 10 7 11 8 7 9 11 6 5 3 3 11 4 7 12 4 1 3 6 13 10 13 10 5 3 13 0 12 13 7 10 4 14 13 8 7 8 12 10 3 0 7 13 14 1 1 9 16 9 5 5 7 10 5 13 14 14 15 15 7 10 8 2 14 14 7 5 11 15 8 3 0 10 5 7 4 9 19 20 13 3 13 5 16 12 4 7 13 4 12 9 5 6 13 3 6 13 13 1 13 5 13 13 14 15 2 1 8 3 2 12 4 14 15 12 12 6 5 12 2 2 8 21 25 7 15 11 13 2 11 8 14 21 7 6 8 18 4 4 13 10 8 9 14 14 10 9 22 4 9 13 13 13 4 12 14 11 11 15 7 15 7 15 4 6 18 3 11 4 22 13 12 11 13 27 8 1 13 20 8 9 5 7 28 3 24 13 7 13 6 13 10 21 9 14 9 4 13 28 29 14 29 14 14 13 10 14 13 9 17 6 13 11 11 12 17 7 17 14 15 13 14 34 22 7 12 13 11 27 14 31 15 11 24 25 13 11 11 14 13 13 29 16 13 13 32 19 14 25 14 27 42 25 35 26 32 21 17 27 25 25 33 33 27 45 34 26 30 28 36 36 35 35 38 42 57 79 
45 0 3 3 3 4 1 3 2 6 1 7 1 3 3 4 7 2 6 4 7 11 6 6 6 12 12 12 9 9 10 13 12 5 12 9 3 3 8 2 6 9 9 6 9 15 7 3 4 1 17 7 7 7 12 10 11 13 18 14 5 6 6 0 7 13 13 5 18 2 4 14 13 19 2 2 14 13 20 4 14 10 5 0 15 0 3 4 19 3 11 5 15 23 3 11 0 12 25 22 5 16 10 14 6 11 2 17 18 3 5 13 14 2 14 14 19 10 14 16 14 21 15 14 19 8 28 24 13 16 9 19 7 3 6 13 12 5 7 13 13 8 13 6 3 9 13 15 11 32 9 27 9 14 11 16 11 12 8 33 9 16 14 18 18 10 27 17 29 14 12 36 36 36 13 14 14 21 27 25 19 29 23 29 31 46 26 19 19 26 36 27 36 35 28 47 29 25 34 40 40 39 47 62 
46 1 0 3 0 0 1 2 2 1 3 1 2 7 7 3 3 4 2 3 3 3 2 3 8 6 3 0 4 9 5 8 8 7 1 7 7 8 9 4 4 4 8 7 9 11 3 7 11 9 0 7 7 8 4 6 8 7 10 9 14 14 14 10 10 8 6 6 6 9 4 11 6 12 15 10 2 13 12 5 13 12 4 5 13 14 3 14 13 9 13 5 13 12 14 14 14 3 12 11 18 15 6 14 13 6 14 10 13 15 15 4 12 15 6 2 3 8 2 16 11 2 15 8 7 15 10 16 14 0 8 6 6 5 13 14 3 14 12 8 9 10 7 8 18 20 10 11 23 19 4 4 12 14 3 5 12 5 3 9 13 5 20 11 21 13 14 5 5 0 21 24 10 6 1 13 5 7 6 8 13 6 23 1 23 15 0 1 21 5 25 7 6 8 8 12 8 3 6 10 19 3 3 2 27 14 14 9 12 12 7 24 8 14 23 26 8 8 3 13 12 20 8 5 13 13 11 14 26 12 10 23 14 14 13 14 17 14 23 34 11 14 14 19 18 6 13 10 36 14 8 12 14 15 14 17 9 14 13 13 20 11 22 11 15 11 13 16 12 14 15 25 14 13 13 13 13 15 17 25 15 40 40 29 21 44 19 27 29 29 21 27 29 28 29 33 42 33 45 49 126 
47 1 3 2 2 3 3 3 5 5 2 3 1 4 3 5 5 8 7 1 0 4 2 8 2 7 6 4 2 9 2 2 7 5 0 4 3 8 9 12 12 6 7 5 9 13 6 14 13 14 3 14 13 7 1 1 12 6 8 14 15 13 14 3 10 8 11 13 11 8 5 5 10 13 12 8 9 9 9 19 12 14 12 2 9 15 4 2 17 10 9 5 8 12 4 1 12 6 14 15 1 14 3 6 22 24 12 3 12 3 6 14 11 16 7 14 19 9 3 14 20 4 5 7 13 11 5 2 4 14 12 12 20 12 9 14 1 1 2 5 5 6 8 9 10 6 22 5 2 6 12 7 7 14 6 8 12 12 13 7 21 15 1 4 8 20 10 11 7 9 10 9 20 2 11 6 27 27 12 28 14 28 22 12 29 15 2 23 5 22 26 4 21 13 14 23 6 5 13 6 7 13 12 16 11 12 12 6 7 14 5 13 14 12 8 35 13 32 14 13 8 7 13 14 6 6 6 28 14 7 14 14 7 12 15 15 7 15 9 8 8 29 12 13 9 29 14 18 13 12 12 11 11 12 27 10 13 16 11 13 14 24 12 14 15 14 19 28 27 16 34 35 33 19 27 28 21 19 21 21 24 27 30 23 37 25 25 36 26 28 39 32 37 44 48 233 
48 1 1 2 2 4 4 2 3 1 6 6 6 2 2 8 4 3 4 6 3 6 5 7 3 4 8 5 9 5 7 9 10 8 11 6 2 9 2 9 12 10 3 7 4 2 12 12 13 14 2 8 14 6 1 4 5 15 8 12 3 15 14 13 13 4 15 7 15 5 14 0 8 15 11 15 13 13 13 3 17 12 12 14 0 6 13 8 13 14 13 21 6 19 3 6 8 5 13 13 4 3 2 11 2 4 5 5 5 16 15 20 8 5 23 7 19 2 27 13 4 6 17 7 5 3 6 11 9 5 5 15 12 6 10 13 16 7 18 29 4 8 8 11 7 9 5 6 16 14 23 10 7 13 12 8 10 13 6 20 6 10 16 15 16 13 15 12 17 27 13 14 11 9 11 27 13 11 12 9 18 11 14 15 11 23 17 13 12 42 24 28 13 19 43 41 20 16 26 16 25 26 43 20 35 21 41 29 47 24 45 46 36 56 53 79 
49 0 3 3 0 5 7 7 2 3 0 0 3 0 8 7 1 8 3 6 5 8 3 1 4 0 10 2 12 6 3 15 14 3 14 14 8 13 4 14 10 6 2 13 13 10 16 1 11 4 12 12 12 10 3 9 12 13 11 14 12 13 11 20 14 5 14 6 4 10 10 0 15 5 9 5 1 5 2 13 1 6 8 9 1 1 4 4 13 16 12 6 11 6 15 8 4 22 3 6 13 7 2 3 6 6 4 3 6 4 5 14 27 9 7 9 4 8 6 8 4 6 9 15 6 9 15 16 14 13 14 11 8 12 11 12 10 10 11 14 12 12 19 14 14 14 15 13 13 14 19 14 11 12 12 16 16 14 17 25 18 29 21 27 26 23 27 24 35 29 41 31 24 39 28 28 46 29 37 51 42 38 41 41 41 44 44 46 
50 3 5 5 2 2 4 1 10 0 2 2 8 4 5 12 9 6 14 12 14 14 13 13 11 5 4 2 13 9 13 4 11 14 8 16 2 11 6 11 7 12 13 2 15 8 17 8 22 9 15 2 23 11 4 21 17 13 16 2 1 20 14 5 20 1 3 7 4 12 25 7 13 6 22 19 0 6 0 14 0 11 0 7 14 14 26 5 5 2 3 21 9 14 4 15 15 5 7 11 5 7 6 5 6 6 4 7 7 35 15 21 14 17 9 15 34 12 9 8 7 7 14 28 14 11 13 10 10 14 11 12 11 11 11 22 12 14 14 40 14 14 15 15 13 13 19 18 17 25 24 40 39 24 28 38 32 34 39 50 38 46 
51 0 0 4 2 1 0 1 7 4 6 5 4 10 2 5 2 9 2 2 8 12 2 6 1 10 14 14 14 14 14 9 0 0 13 14 13 13 3 12 14 5 13 6 13 13 7 12 7 20 6 13 19 18 5 2 19 2 3 23 10 2 13 2 24 2 22 24 6 5 14 8 13 3 4 28 7 6 28 12 14 14 23 6 7 25 11 6 11 7 14 28 9 16 33 12 14 9 12 30 12 15 20 17 20 41 41 35 13 36 13 13 30 25 23 42 25 34 35 40 38 43 
52 3 2 2 3 1 4 2 4 2 6 2 0 0 5 1 11 9 11 10 10 6 13 2 7 9 7 3 12 0 3 2 8 6 3 3 15 13 7 1 13 8 13 14 9 5 9 10 14 13 12 13 3 4 8 13 7 2 9 15 9 3 5 4 22 1 6 15 8 3 13 15 12 7 17 11 14 14 19 8 14 6 11 15 29 31 13 9 14 7 13 10 9 11 13 7 10 9 14 13 17 8 11 16 11 23 13 13 28 13 25 18 20 36 42 31 41 26 27 29 29 27 36 41 39 86 
53 4 5 2 3 0 4 4 3 5 4 4 0 4 4 6 6 7 3 4 9 13 13 12 3 13 3 14 7 9 7 14 5 1 4 4 7 6 7 12 6 3 6 13 14 13 17 3 11 10 4 13 11 4 7 4 11 7 6 24 18 1 4 11 1 27 11 12 10 28 11 7 13 8 8 8 15 29 8 12 13 26 13 9 29 12 10 11 14 25 10 13 12 13 19 13 21 40 13 24 41 20 28 41 28 
54 0 1 4 5 1 5 7 3 6 8 3 1 2 2 4 7 8 1 12 11 1 13 13 6 13 6 1 0 0 11 4 6 7 5 9 2 11 15 9 7 11 12 11 2 13 11 13 10 12 9 15 1 7 14 7 6 6 17 14 7 5 8 2 13 14 12 13 15 2 9 14 4 11 14 20 4 9 7 12 5 18 13 13 11 10 11 41 27 17 35 18 34 43 41 40 
55 0 1 1 2 3 4 2 2 4 1 5 1 8 8 2 7 9 3 12 13 7 7 7 10 13 13 13 6 12 0 9 14 6 7 20 11 2 6 13 20 8 17 12 15 6 1 17 9 13 11 6 2 11 11 3 9 17 18 10 1 4 7 6 2 11 28 21 16 7 14 13 14 7 11 15 14 13 13 9 24 14 10 11 12 28 41 14 36 41 35 42 34 39 99 
56 2 4 1 1 0 7 2 6 6 8 3 10 9 2 2 11 8 4 5 4 0 5 12 14 3 15 7 2 2 3 2 5 1 12 13 3 14 3 5 9 5 10 6 4 1 6 6 3 0 0 11 11 6 7 16 7 12 26 9 7 14 10 12 16 13 6 17 20 13 16 4 14 13 18 9 13 28 30 21 13 27 28 26 22 35 25 41 29 35 41 151 
57 3 0 4 3 5 7 0 1 0 8 9 5 9 6 0 3 6 12 3 0 7 12 5 12 13 13 6 13 13 5 6 12 14 13 13 13 4 5 14 4 5 2 13 1 7 2 21 2 9 4 4 8 1 17 9 12 4 8 2 4 4 17 7 13 10 30 19 21 16 13 21 25 43 38 49 71 
58 3 2 5 6 7 3 2 6 7 13 4 2 5 8 5 3 6 12 8 10 6 6 7 13 10 14 4 11 17 13 13 8 4 10 12 10 13 21 13 18 12 14 18 12 17 17 13 29 30 3 11 21 10 12 32 10 24 9 11 17 11 12 22 15 42 13 21 31 32 25 29 43 63 41 118 
59 0 3 5 7 8 4 6 4 10 4 7 12 8 4 9 5 4 11 0 14 5 11 11 4 6 10 3 13 7 3 11 12 1 11 0 8 16 15 2 10 2 2 13 8 6 8 11 6 9 13 4 7 13 26 1 2 5 1 1 4 6 11 11 6 3 13 11 11 3 13 6 19 25 13 7 11 10 37 13 20 23 12 17 32 24 28 
60 3 4 2 0 3 6 8 7 1 2 3 10 4 3 9 6 13 6 3 0 13 7 0 12 1 19 12 6 11 13 2 7 13 11 12 14 3 3 13 6 13 7 24 13 8 2 23 5 7 5 6 5 20 4 23 8 26 6 30 18 21 46 37 62 42 48 
61 2 6 5 4 11 11 5 6 4 13 13 21 3 10 8 6 14 5 9 12 13 7 3 3 13 5 3 16 4 22 14 8 16 11 12 13 14 25 16 20 21 26 39 39 43 55 
62 1 0 2 2 5 2 1 8 4 2 7 5 9 12 3 11 3 13 8 8 9 8 8 5 4 10 7 21 13 5 8 14 3 6 8 9 21 7 3 29 4 25 5 9 20 14 6 7 18 14 8 13 11 27 27 54 51 
63 2 1 3 6 7 6 7 4 7 5 5 2 13 14 10 11 13 5 12 0 3 13 14 14 11 12 18 5 5 6 6 2 17 5 5 6 6 15 27 11 7 17 6 15 8 28 37 27 27 43 52 
64 1 5 5 8 6 1 13 2 2 16 12 7 13 1 13 14 10 24 11 11 20 22 13 29 14 38 35 
65 0 3 6 4 4 10 2 10 5 6 8 5 0 10 13 13 13 28 13 14 9 14 14 18 13 14 11 15 22 29 28 34 41 
66 2 3 5 0 2 5 2 5 9 6 13 1 3 11 5 12 5 8 3 12 4 5 5 17 7 8 16 12 28 
67 2 7 2 8 4 2 3 3 11 3 1 12 7 11 0 21 17 11 7 3 12 13 9 19 15 
68 3 3 6 9 6 3 7 2 4 2 7 17 11 3 14 1 10 2 13 6 27 15 26 5 12 17 18 32 14 21 23 28 34 
69 4 8 10 10 3 14 4 13 7 9 13 13 6 6 13 27 13 13 13 11 13 9 18 41 41 46 
70 3 5 7 14 4 11 7 1 5 7 3 6 14 21 12 6 35 14 10 26 14 
71 3 4 12 7 14 9 18 5 6 22 6 13 13 
