0 
1 
2 
3 
4 
5 
6 
7 
8 
9 
10 
11 
12 
13 
14 
15 
16 
17 
18 
19 
20 
21 
22 
23 
24 
25 
26 1 2 1 0 2 1 2 3 3 3 4 2 4 2 4 4 2 2 2 2 3 2 3 4 0 3 6 6 4 4 6 4 5 5 8 8 3 3 6 6 7 9 8 7 8 4 2 7 7 9 9 1 6 6 7 10 10 5 9 1 8 7 4 1 11 5 3 11 11 3 5 6 1 3 10 8 10 12 11 14 14 13 14 13 13 5 10 13 12 10 13 6 12 13 12 11 14 6 14 8 9 14 13 13 5 11 6 7 13 8 13 1 16 5 6 18 14 11 14 10 14 12 14 13 13 7 14 6 14 14 2 11 7 14 1 7 12 11 13 1 10 1 12 13 12 11 10 14 9 4 5 5 5 11 6 6 10 13 6 8 7 5 9 13 9 11 13 11 13 14 10 6 13 8 6 10 8 6 14 8 8 14 9 7 14 13 13 5 12 4 7 12 13 4 12 9 7 7 7 3 9 1 20 13 14 13 15 12 7 12 3 3 4 8 8 14 7 6 14 8 19 13 8 6 6 6 5 14 6 6 7 7 7 16 12 7 6 13 13 14 14 21 18 14 12 11 11 11 13 14 14 14 13 14 25 13 15 14 14 14 13 13 21 17 25 15 20 22 28 91 
27 0 4 4 1 4 2 4 2 0 1 2 4 0 1 5 4 4 7 3 5 2 2 5 10 6 6 6 4 2 3 4 6 7 7 3 7 2 1 8 4 6 9 9 6 11 10 7 9 12 6 8 9 3 8 13 10 13 0 7 12 10 12 9 5 14 11 3 6 12 13 11 11 6 14 11 6 6 13 7 11 6 8 8 7 13 6 12 13 6 9 16 7 12 9 13 0 7 11 12 4 7 13 13 11 7 0 14 11 4 13 8 6 13 14 14 13 6 13 6 12 8 13 14 7 14 11 9 13 10 5 14 5 14 11 14 15 15 16 9 9 9 15 6 8 0 4 3 14 13 12 1 6 4 12 11 18 13 15 14 11 14 15 14 13 6 6 6 4 15 14 1 6 1 7 13 7 13 18 1 3 3 5 12 13 14 15 14 11 5 13 14 12 14 18 1 14 2 4 6 14 18 17 13 14 12 12 7 2 5 4 6 14 8 12 13 13 7 4 13 2 7 14 13 7 8 19 7 6 4 12 12 7 14 26 14 12 9 4 4 26 0 14 8 12 19 26 4 8 2 1 13 7 13 22 11 6 13 7 8 12 9 13 13 7 9 6 4 16 9 5 14 25 8 9 7 3 6 13 14 3 7 14 14 6 18 9 8 6 13 6 10 14 7 17 12 17 15 13 11 6 9 14 13 3 14 16 10 9 6 7 7 11 11 7 10 8 7 6 13 6 7 13 14 13 6 13 12 5 6 5 14 14 8 12 8 15 10 15 11 14 8 19 13 12 7 15 14 19 11 13 14 13 14 11 11 8 14 11 13 13 13 16 12 15 14 13 14 16 13 14 14 9 20 13 14 14 10 13 13 16 14 14 16 24 17 13 24 14 14 15 16 14 17 14 19 22 18 22 27 
28 0 0 2 1 2 3 2 3 3 1 3 5 0 2 6 4 5 5 6 7 0 7 5 5 0 3 0 10 3 3 5 3 9 0 4 8 5 3 10 9 6 0 7 9 11 6 2 14 14 14 3 0 3 7 6 6 5 13 6 14 4 13 14 10 14 12 14 13 7 4 13 8 7 14 10 14 13 14 14 3 15 10 7 2 5 13 11 13 13 9 14 8 10 11 7 8 13 11 5 11 3 1 14 13 5 14 11 12 11 12 3 9 3 14 9 13 10 12 9 15 13 10 6 5 7 12 8 11 6 14 13 10 16 14 9 12 13 9 0 10 14 5 9 15 4 8 7 15 7 14 13 14 15 13 3 12 14 13 5 7 0 14 3 14 10 8 13 10 6 7 9 8 13 15 8 15 14 14 8 15 8 14 14 15 3 16 4 12 14 8 14 4 23 11 21 22 13 7 21 13 0 15 13 13 2 13 17 7 7 14 7 14 7 11 5 15 13 18 14 12 13 13 9 13 1 7 19 1 14 12 14 7 13 13 15 4 12 11 3 5 2 8 15 10 11 14 15 10 12 14 11 6 3 14 13 9 7 13 6 14 5 14 13 14 14 4 13 12 15 13 11 7 13 14 10 12 5 8 13 13 14 14 24 10 13 6 10 8 7 14 16 7 14 15 21 8 14 7 15 9 17 11 13 19 13 10 13 11 13 14 10 13 13 13 13 11 14 19 14 14 14 19 14 13 13 14 14 22 27 28 16 17 17 34 44 
29 0 0 2 2 2 4 3 6 5 5 0 4 3 1 0 8 2 0 8 7 5 4 7 4 3 9 8 7 6 8 4 9 5 4 10 12 7 10 3 12 7 2 11 3 1 1 5 10 10 14 4 13 12 6 14 12 9 5 13 4 1 6 2 9 2 10 13 12 5 13 14 14 12 12 13 8 14 8 10 13 14 14 14 9 9 5 13 13 4 14 13 9 14 12 12 9 7 10 13 7 0 12 15 14 6 13 4 3 18 4 10 2 13 3 15 11 11 12 6 1 14 12 20 14 10 18 7 14 14 14 5 11 13 10 7 11 14 6 5 7 11 6 10 8 11 12 3 17 8 14 8 13 4 16 7 11 13 7 14 7 15 1 3 9 14 17 13 12 13 1 14 6 11 4 12 3 0 13 17 14 2 18 15 16 8 12 17 9 14 10 5 8 14 9 13 9 0 4 3 12 7 1 12 13 13 14 24 13 0 19 3 9 8 6 15 16 7 10 12 12 7 13 5 19 10 4 11 17 10 13 10 10 14 8 14 18 14 10 14 9 10 30 5 12 12 14 6 13 9 5 6 13 10 7 9 15 12 11 13 14 10 11 15 8 11 13 19 16 9 20 36 14 10 13 18 9 14 12 29 8 14 15 14 13 10 15 12 9 11 13 13 13 13 9 16 14 14 13 10 27 11 14 12 13 13 13 17 34 14 34 26 17 24 17 16 28 16 20 29 28 18 32 42 52 
30 0 2 1 0 6 6 5 4 5 3 4 6 3 6 7 2 7 8 8 7 2 0 6 7 8 4 6 4 7 12 1 7 6 11 11 12 11 8 9 6 6 7 14 4 14 12 14 12 7 15 13 11 13 14 13 3 8 15 0 12 1 12 1 11 5 4 14 14 7 15 8 11 0 10 13 7 12 7 12 17 11 10 3 6 7 13 13 4 5 6 10 12 11 12 13 11 11 13 3 9 4 10 13 4 10 10 14 16 13 11 12 20 6 13 12 1 9 8 13 8 12 16 5 14 13 9 12 11 6 13 13 3 17 1 11 0 14 14 12 15 7 3 12 6 13 10 10 10 17 5 9 6 6 12 18 2 5 2 7 7 26 6 0 14 14 14 15 9 5 18 13 14 13 1 5 8 13 3 12 8 11 5 13 20 12 2 10 8 8 8 14 0 8 13 9 14 14 8 3 8 12 7 10 6 9 31 7 15 6 7 14 3 7 14 17 4 4 12 15 14 5 5 11 10 13 16 14 5 13 17 10 13 11 6 10 12 12 8 6 15 19 7 8 8 11 16 13 13 16 14 9 15 20 16 27 9 9 15 8 14 13 13 8 12 11 13 13 28 12 13 12 14 13 16 13 13 12 20 22 12 16 13 13 13 14 15 22 16 20 22 42 24 33 23 21 36 
31 0 3 4 1 6 0 5 3 7 4 4 6 7 4 8 5 2 2 6 9 11 3 6 10 5 10 7 6 5 10 3 6 12 14 2 1 9 7 12 2 11 13 5 13 2 12 7 13 13 5 10 4 1 9 12 11 13 7 13 6 15 12 13 10 4 5 9 6 13 14 6 13 13 5 6 12 8 15 6 4 14 7 4 10 14 9 10 1 2 13 16 2 13 13 13 14 10 6 13 10 1 7 10 14 11 14 13 13 13 11 14 13 7 0 8 0 10 20 7 3 1 22 10 14 7 5 4 20 16 2 17 7 11 7 13 7 12 14 4 14 12 14 8 13 14 7 14 22 9 12 4 21 9 16 2 7 13 13 9 8 8 13 14 14 3 2 17 2 15 14 0 3 9 14 9 10 15 9 20 4 3 11 12 17 10 13 9 13 13 14 13 15 6 7 7 2 6 13 13 13 15 15 15 14 11 5 14 10 6 15 3 29 13 13 6 9 13 8 13 8 13 13 13 11 5 12 10 5 21 11 14 7 13 5 15 35 12 13 5 11 14 8 11 13 9 12 9 12 13 9 13 9 16 13 13 13 13 15 13 16 18 11 8 12 13 10 19 10 11 13 18 14 12 14 13 12 13 11 13 14 14 13 13 11 14 19 14 16 16 15 15 19 35 23 25 23 24 23 36 35 
32 0 1 4 1 2 3 5 0 7 3 6 4 7 1 5 8 2 4 9 6 7 0 8 0 9 0 6 4 4 9 5 6 7 5 12 4 9 5 7 12 12 10 12 3 13 12 9 5 14 13 4 14 5 7 5 9 4 13 13 3 15 6 5 7 7 15 7 7 13 3 10 2 13 5 10 0 16 14 13 17 12 7 15 11 8 11 16 14 12 14 11 12 13 7 13 2 14 13 13 13 9 5 9 14 8 18 4 12 15 13 12 1 9 5 5 12 3 13 3 9 5 0 2 9 13 3 0 12 8 10 12 12 8 16 3 1 8 0 15 7 19 12 8 14 14 12 7 6 14 16 4 14 2 13 0 10 16 9 8 12 11 13 8 12 14 2 13 14 6 12 11 16 6 13 5 7 19 8 13 14 22 7 28 12 8 10 15 13 22 28 15 14 1 14 16 13 5 20 12 13 5 26 13 11 13 13 15 8 7 17 13 21 12 24 11 14 16 16 7 7 13 24 20 6 5 12 6 11 13 12 7 11 12 15 8 23 21 14 16 11 11 30 17 24 28 24 13 15 22 36 20 13 15 18 14 14 26 28 19 15 20 26 18 34 16 23 30 22 27 30 39 39 24 37 28 40 34 33 27 32 36 27 35 41 40 45 45 50 43 52 64 
33 0 1 1 0 3 4 2 0 2 5 2 2 2 4 3 4 6 6 4 4 7 5 5 2 8 10 3 6 7 4 12 6 11 5 0 7 11 10 11 4 8 5 9 6 7 11 12 5 9 12 14 8 15 13 14 10 4 14 10 14 14 14 3 14 2 15 7 14 7 2 13 17 10 0 7 4 17 15 10 15 12 14 7 11 2 11 9 19 13 4 17 0 11 6 20 13 16 21 1 14 7 3 1 5 11 4 13 9 2 1 1 0 13 5 6 18 4 2 6 11 6 25 3 6 13 1 4 2 2 0 4 3 3 10 4 5 10 4 17 16 19 0 1 0 9 10 5 14 6 7 6 3 6 5 6 28 6 16 17 7 6 7 28 6 8 14 27 4 12 10 20 9 22 10 10 10 13 14 10 12 11 7 31 31 27 34 12 11 21 25 11 14 7 13 13 6 9 13 9 11 9 12 12 7 11 8 11 11 14 35 14 27 13 14 14 11 28 14 15 14 39 11 34 13 16 16 13 13 13 19 14 14 18 18 40 19 24 43 18 23 15 18 19 24 24 41 22 25 26 35 21 21 36 37 28 43 41 35 37 28 35 40 38 42 41 42 46 75 64 71 
34 5 6 3 1 3 5 7 3 5 4 4 0 2 2 8 4 2 7 0 6 1 13 3 9 1 1 14 9 2 12 12 0 7 14 14 15 7 17 17 14 0 15 4 9 17 1 0 3 12 12 9 4 12 16 1 2 7 13 4 11 21 9 1 13 0 7 1 3 14 16 13 6 4 5 3 5 2 5 5 16 10 1 5 13 3 15 5 5 3 5 19 11 6 7 4 18 7 6 4 1 24 9 2 2 9 9 10 27 21 3 14 12 6 14 6 20 7 20 10 11 10 0 12 4 11 7 5 7 12 5 12 11 3 7 15 12 17 15 13 14 28 7 10 15 13 13 14 14 14 13 28 29 14 8 14 11 20 12 15 18 14 10 14 9 16 21 16 11 11 13 13 14 14 23 9 11 12 9 20 22 18 24 20 19 13 29 23 15 22 15 23 24 20 21 27 17 27 28 28 23 26 29 30 33 47 28 34 39 40 49 44 67 41 46 43 57 72 
35 2 3 4 4 3 4 0 7 8 1 3 2 8 6 6 3 6 7 4 6 4 4 6 5 5 1 6 6 0 3 6 7 1 7 5 7 11 5 1 12 13 12 0 10 9 10 7 4 10 3 9 12 6 7 10 10 8 5 9 13 4 8 5 12 12 17 3 13 10 1 4 9 14 14 1 14 12 6 6 8 3 5 13 13 14 14 13 14 14 4 8 14 0 12 8 17 6 20 12 5 16 16 13 8 4 4 6 13 10 1 16 14 14 19 2 10 13 10 20 6 6 14 10 7 14 4 9 7 23 22 13 13 21 25 12 26 6 12 12 1 24 4 7 4 8 26 19 15 14 14 31 9 12 13 9 13 12 18 14 15 27 14 15 2 3 13 10 15 15 14 17 14 8 15 7 8 9 6 14 30 23 24 31 6 6 35 14 9 8 29 10 29 20 9 11 12 20 12 23 23 11 14 13 13 16 34 40 14 23 16 25 39 35 28 28 29 33 21 22 38 35 38 32 60 48 91 91 90 
36 0 2 2 2 6 4 8 3 5 8 7 5 4 6 3 0 8 10 1 11 12 7 2 13 3 3 3 3 7 3 15 2 4 12 11 13 14 3 10 10 7 14 4 1 5 0 12 9 14 8 11 13 14 18 2 13 0 16 13 14 12 8 1 11 15 5 10 12 7 3 13 16 8 9 6 13 1 13 8 1 19 12 0 7 13 25 7 7 14 2 0 7 9 11 7 11 3 7 13 13 13 12 5 13 14 11 9 5 21 13 7 13 8 14 6 22 7 10 15 33 11 29 13 29 21 14 21 13 11 25 13 14 22 15 17 42 24 21 37 27 34 41 36 40 38 56 73 
37 1 2 4 0 6 2 3 3 10 3 12 7 8 6 11 14 0 1 4 15 5 15 9 15 14 9 4 14 5 8 1 11 2 7 15 0 18 13 13 2 14 13 13 11 11 13 10 11 6 4 2 14 12 13 13 13 0 6 13 7 11 13 9 13 13 2 14 5 7 14 4 8 5 2 6 7 0 7 21 4 7 24 9 5 26 29 12 2 15 13 7 14 13 12 4 5 7 14 28 20 32 13 13 8 8 8 19 12 27 14 13 17 20 16 21 22 20 20 22 31 27 28 29 44 27 34 41 39 42 55 
38 1 3 2 1 3 6 6 6 10 11 11 11 6 3 6 9 13 13 14 13 13 1 6 4 0 13 10 9 14 14 13 12 4 14 19 10 6 12 18 12 4 5 8 10 6 13 11 2 7 4 16 7 6 11 5 6 13 4 7 6 14 13 5 13 13 14 4 16 12 4 21 9 9 8 15 28 10 9 13 8 11 11 9 14 11 21 13 14 18 37 40 40 28 21 37 28 35 36 38 43 50 64 
39 1 1 4 2 6 10 4 6 1 6 6 12 13 9 14 8 15 8 11 9 0 11 14 4 5 6 4 12 3 3 7 10 1 11 12 11 17 13 9 15 7 8 17 17 15 8 5 11 23 13 12 4 7 6 3 21 13 4 2 6 6 23 6 18 5 3 13 6 4 22 8 11 13 1 18 13 2 3 12 18 22 26 14 9 5 12 10 11 9 12 25 13 12 28 18 18 10 27 19 13 13 27 13 14 13 17 28 20 24 39 34 36 27 27 26 32 30 38 40 43 41 
40 4 0 4 1 7 2 6 10 7 7 5 12 7 5 11 14 13 3 3 3 14 13 12 14 10 7 10 5 14 1 3 12 13 8 9 10 13 9 11 14 2 15 13 5 26 2 13 11 24 17 12 20 10 20 11 14 6 13 13 7 11 16 4 5 18 15 27 14 28 22 9 14 17 14 11 23 12 17 21 13 10 29 17 34 14 15 27 39 28 32 22 25 54 
41 6 7 0 8 5 9 7 8 10 7 5 9 3 13 7 10 14 3 6 2 4 8 4 14 6 2 3 6 7 8 1 15 4 19 13 13 13 10 1 16 10 5 4 1 7 1 23 14 14 12 6 13 3 17 13 10 13 13 6 0 2 3 14 5 10 13 27 15 2 15 11 12 16 28 14 8 14 15 8 20 8 9 13 14 18 12 10 14 17 34 13 27 12 18 25 21 22 20 50 25 34 39 36 32 59 
42 1 2 0 4 2 0 5 0 4 3 10 12 2 6 1 6 14 4 8 9 3 10 5 1 0 9 9 14 1 7 2 11 8 11 10 7 0 9 7 13 14 12 10 3 13 14 10 13 15 9 8 6 8 11 10 10 21 4 17 4 12 14 14 7 11 5 11 6 14 6 6 29 24 13 23 6 12 7 13 15 10 20 16 14 23 24 13 14 20 15 14 14 21 35 22 34 36 27 31 41 48 55 
43 1 3 6 6 6 3 4 6 6 9 5 4 9 10 15 5 13 13 5 12 11 4 12 7 4 12 14 7 1 15 14 10 10 5 14 13 4 5 7 11 1 13 13 13 4 1 14 26 5 2 5 2 4 9 5 11 12 10 5 17 8 1 13 6 9 19 22 5 14 13 8 20 14 17 7 14 14 14 25 35 12 13 11 39 13 36 27 14 27 30 38 32 47 35 55 49 62 155 
44 3 2 6 6 7 6 4 4 14 0 0 11 14 14 8 7 5 13 6 12 12 14 21 6 14 13 13 8 10 14 22 15 12 26 14 15 7 12 15 18 4 10 6 15 3 29 3 14 17 2 29 23 10 11 16 27 13 23 14 9 12 34 27 13 9 18 35 31 15 17 13 12 41 23 56 33 42 
45 1 3 3 6 0 3 8 6 7 11 14 14 14 6 12 14 10 6 12 8 4 12 15 13 5 13 21 21 18 13 6 7 13 7 10 3 18 13 10 25 1 12 14 7 7 9 21 31 19 5 19 7 11 7 22 7 22 17 12 13 10 8 21 12 11 11 13 18 15 13 12 35 26 36 28 30 35 34 35 40 63 118 
46 0 2 1 3 2 0 3 5 3 8 3 4 7 4 7 3 6 10 5 12 4 8 12 17 9 12 15 4 6 2 12 12 2 9 8 10 7 4 15 14 2 2 15 12 5 26 1 12 12 8 16 6 13 7 27 9 24 25 27 16 10 24 6 9 6 13 12 14 26 7 14 12 12 10 15 10 12 13 27 20 38 44 
47 2 2 5 4 4 2 10 6 7 7 4 5 12 1 6 14 14 6 13 6 3 7 10 4 7 9 17 9 20 7 8 5 15 6 5 6 12 26 1 7 23 5 26 13 8 13 11 27 3 21 8 2 2 13 0 14 14 7 13 2 12 4 14 14 12 7 5 9 8 13 28 34 9 13 26 14 35 13 15 14 24 28 27 25 36 47 
48 2 2 4 7 5 0 7 3 9 9 8 5 0 10 14 8 4 7 3 8 12 6 7 9 15 11 8 13 19 16 13 11 0 16 14 14 7 14 7 11 7 3 12 4 11 6 13 9 6 7 9 26 4 4 1 23 2 1 27 2 4 3 21 11 11 8 21 13 8 14 13 12 9 13 21 14 21 18 25 17 27 23 25 40 41 34 
49 1 1 5 1 4 4 2 7 9 6 5 10 6 13 14 14 3 5 3 12 10 7 12 7 3 11 13 7 18 4 0 2 10 0 20 6 3 2 13 5 13 15 6 0 17 15 8 10 6 8 4 26 5 13 4 6 13 12 13 27 4 7 10 16 13 15 26 11 18 12 12 10 13 29 13 28 27 27 18 40 29 42 27 34 38 35 
50 5 2 3 7 3 6 6 8 8 1 6 0 6 11 11 9 5 13 12 5 5 0 8 14 9 10 9 12 5 13 7 7 3 14 18 5 7 10 18 9 0 1 1 9 15 13 12 17 3 11 15 6 10 6 5 14 10 12 8 14 5 15 8 11 13 6 24 14 8 11 12 12 18 11 23 13 14 25 13 18 26 23 20 32 21 36 28 41 43 181 
51 3 4 7 5 7 5 3 9 7 2 8 3 9 8 5 7 12 9 9 1 0 11 17 12 13 8 12 16 9 4 15 6 14 5 13 11 15 14 6 7 8 14 14 9 9 10 16 9 13 18 8 13 16 20 15 13 19 30 12 12 29 16 14 14 29 37 31 33 40 41 
52 0 1 3 7 9 8 7 7 0 6 7 8 11 13 0 12 5 13 13 8 14 11 15 14 16 21 2 13 2 14 10 3 10 11 8 5 13 16 25 14 13 12 28 8 14 9 13 11 14 6 13 24 11 8 30 16 14 15 27 30 30 22 26 28 38 
53 2 4 3 4 11 11 6 3 3 11 1 14 13 13 6 7 5 8 10 16 0 17 10 13 15 7 11 2 13 14 22 13 26 11 9 27 4 14 27 23 21 28 10 13 21 14 10 14 11 11 27 29 17 13 33 58 52 
54 6 7 3 3 2 11 7 7 4 0 14 5 1 13 14 14 11 6 4 11 14 13 13 13 16 10 17 12 7 6 14 14 3 10 15 7 4 13 13 28 14 30 15 19 25 28 13 12 20 21 14 13 16 11 14 27 18 32 40 20 35 80 
55 2 2 6 3 7 1 3 9 11 7 13 7 14 6 13 9 13 16 1 0 8 11 2 15 7 12 12 12 6 7 17 2 13 8 13 18 14 14 10 23 9 5 30 11 9 15 7 8 19 7 12 13 15 14 21 14 17 21 27 25 27 22 34 50 94 99 
56 3 4 4 3 9 9 6 10 1 6 15 10 2 3 12 5 5 8 11 12 10 8 11 5 7 10 3 6 8 7 15 8 9 32 13 27 7 8 14 11 15 12 14 12 14 12 26 15 18 34 20 38 
57 1 2 3 4 6 2 7 4 6 4 6 0 5 11 2 10 7 3 12 16 11 15 11 2 8 12 14 14 1 17 9 4 25 2 16 6 9 2 12 13 13 6 13 16 17 8 22 10 10 10 10 13 13 13 23 21 11 18 15 27 24 27 21 34 38 
58 0 0 8 5 2 3 9 12 7 15 5 14 12 1 1 12 12 14 18 10 15 10 1 14 7 2 4 3 8 14 12 3 6 3 17 7 1 1 7 13 10 15 15 6 8 9 21 29 10 13 25 12 31 26 27 19 36 20 33 24 32 38 
59 4 7 4 12 3 13 12 6 11 8 15 5 14 11 15 8 11 16 25 15 1 8 28 4 5 11 12 4 19 14 8 6 16 22 11 9 18 31 15 30 18 36 18 37 19 27 25 32 40 40 40 41 
60 1 2 4 7 4 10 7 2 3 10 14 10 7 13 4 9 1 16 1 18 1 14 9 13 4 15 17 0 18 29 13 8 14 27 14 28 37 24 39 
61 2 11 9 2 8 13 1 12 15 14 4 13 11 11 11 13 10 8 19 5 5 29 15 13 12 10 13 20 35 35 25 25 28 52 
62 2 0 4 0 1 13 4 2 13 11 3 13 13 10 10 21 6 7 1 13 15 29 14 5 13 14 31 14 18 36 32 17 14 13 36 30 26 48 41 46 
63 2 5 3 5 9 4 2 4 9 11 7 13 24 12 7 11 14 18 8 13 14 18 20 13 36 40 38 
64 6 14 9 13 0 10 6 16 15 11 6 17 14 17 13 11 20 8 8 7 18 13 27 13 14 20 14 14 13 37 30 36 34 18 41 
65 5 9 11 4 5 8 12 5 21 4 11 15 4 0 4 20 8 9 23 21 11 14 28 29 27 37 
66 3 5 11 15 13 1 14 4 13 0 18 18 14 1 11 6 5 22 35 26 35 
67 1 3 9 6 14 14 13 10 11 7 13 20 14 17 
68 1 2 7 10 7 7 12 4 13 14 20 12 10 33 24 31 61 
69 6 0 6 3 12 13 2 15 32 6 29 16 14 29 32 
70 8 8 0 1 15 4 26 9 22 8 16 13 16 39 
71 7 2 7 3 8 12 17 14 
