0 
1 
2 
3 
4 
5 
6 
7 0 0 0 2 2 2 1 2 3 13 13 9 11 13 11 12 12 13 11 12 13 12 12 12 12 14 14 12 14 10 14 13 15 14 14 11 12 15 15 11 13 15 15 13 14 13 14 13 17 13 13 14 17 18 19 17 16 16 20 21 19 22 22 23 20 24 23 25 27 23 27 27 24 27 27 28 27 27 27 27 26 27 29 28 33 38 
8 0 1 2 6 2 4 6 2 6 0 2 1 8 0 7 6 5 3 8 8 5 8 12 8 0 5 13 3 5 8 11 7 11 7 8 8 7 4 12 8 13 13 7 12 10 13 8 12 8 14 8 10 17 0 5 14 13 12 13 18 14 3 0 5 14 13 6 0 0 5 0 7 8 5 4 11 7 6 13 6 14 5 14 9 12 6 16 2 9 12 11 2 11 14 13 12 8 14 9 10 6 6 14 13 10 12 7 13 14 8 9 13 13 10 5 16 15 12 9 13 6 13 14 11 6 13 12 9 16 14 17 8 14 25 8 13 13 10 14 13 13 14 10 11 11 12 14 30 13 16 22 13 14 20 24 24 19 27 28 38 
9 2 0 1 4 3 4 9 5 5 7 7 7 12 7 9 7 9 6 4 6 4 3 13 10 8 13 13 7 13 11 12 13 6 1 14 8 14 5 7 14 13 7 13 11 6 11 5 9 11 15 6 3 13 8 6 2 14 14 6 13 8 0 11 13 21 12 18 16 13 2 13 14 13 8 12 8 14 6 18 19 12 14 7 0 8 12 4 8 6 6 3 16 14 7 7 15 19 15 20 10 14 8 15 13 13 10 13 14 14 13 3 14 16 8 13 12 14 10 10 15 16 17 13 13 14 6 6 16 14 19 9 11 36 12 11 10 15 20 8 13 20 11 14 13 10 15 15 14 13 14 16 28 33 19 28 20 25 28 34 34 88 
10 1 2 3 2 0 3 4 4 6 4 5 4 4 11 8 6 7 5 5 11 7 11 6 7 12 10 13 8 7 6 4 5 6 5 6 6 5 7 7 13 14 10 12 2 13 4 11 11 16 13 12 15 0 9 9 7 4 14 7 13 11 15 14 12 5 2 12 8 14 6 6 4 13 11 2 6 15 6 13 15 14 3 5 10 7 0 7 9 12 9 5 10 8 0 6 7 2 10 6 18 20 12 11 5 13 9 11 4 11 12 22 12 9 17 13 8 2 13 14 14 14 14 15 12 12 13 5 11 3 15 9 13 13 20 4 11 6 18 7 19 11 12 10 8 19 12 13 15 14 13 13 12 12 19 14 14 27 15 16 19 20 28 49 29 34 41 
11 0 0 1 4 2 1 6 7 6 7 6 7 2 4 9 8 3 2 5 10 6 2 6 11 8 4 4 9 3 11 0 7 13 0 13 10 14 6 6 5 3 12 4 11 15 14 6 12 7 15 3 7 1 17 8 9 14 15 6 13 13 4 8 2 14 10 7 11 9 6 2 10 16 14 5 13 6 18 6 15 9 14 11 15 5 10 15 3 15 7 8 14 11 7 6 15 12 8 12 12 7 6 13 12 14 4 11 14 8 1 12 7 6 14 13 2 2 8 13 1 10 11 9 10 9 16 14 4 7 1 17 12 15 10 1 10 21 14 14 15 16 7 29 8 14 14 13 14 6 5 14 4 14 7 15 8 14 14 6 10 10 14 23 8 7 8 12 11 10 16 10 11 8 14 12 10 13 14 14 13 16 17 14 19 
12 1 2 0 0 6 5 6 3 6 4 0 2 4 0 8 5 1 6 4 6 3 7 8 3 10 7 7 3 9 0 7 5 3 5 12 12 11 8 12 2 3 8 8 6 5 5 14 10 13 14 16 14 7 7 10 7 8 1 18 7 15 13 15 7 4 4 13 13 4 15 17 11 13 15 11 3 10 7 12 12 1 7 13 7 6 0 16 16 5 10 7 14 13 2 0 14 12 13 8 18 13 14 11 1 9 23 3 4 0 8 4 13 0 9 24 4 16 13 12 4 9 15 5 12 6 7 14 4 13 6 15 2 16 14 4 12 3 13 8 3 6 2 7 4 7 14 7 13 14 6 5 6 5 11 20 5 8 6 14 14 7 13 13 11 8 10 11 11 13 7 9 12 12 10 13 10 12 14 10 15 13 15 11 13 12 13 16 14 13 14 17 17 14 13 14 13 12 12 14 14 14 15 13 16 18 20 19 24 35 23 39 
13 1 0 4 4 0 3 1 0 5 5 1 7 6 7 7 6 0 7 0 8 9 7 4 5 3 9 2 7 10 7 6 3 4 6 8 11 12 1 7 3 7 13 14 4 2 7 14 3 1 7 10 13 14 0 15 4 13 3 8 14 12 13 3 5 9 6 15 13 14 4 14 9 5 0 2 6 5 0 5 14 10 8 14 14 6 12 8 1 12 6 7 5 13 3 8 10 14 21 13 5 13 14 9 1 6 14 3 15 4 14 11 14 21 12 8 10 15 1 15 16 11 14 13 8 6 3 11 0 17 3 14 7 7 0 6 4 2 14 10 4 7 10 13 0 3 8 14 9 7 3 14 2 14 12 14 13 28 6 10 11 6 13 15 24 15 10 14 6 12 7 11 12 6 13 12 4 12 11 4 13 18 21 7 14 12 11 14 14 29 7 8 14 11 12 12 11 11 14 13 13 22 17 13 11 13 14 10 13 14 14 15 18 14 11 13 12 13 15 17 14 18 12 13 17 14 16 17 21 17 18 21 29 28 27 
14 0 2 0 0 2 1 1 5 0 3 5 3 2 2 4 7 6 4 7 6 5 1 8 8 2 6 5 2 2 10 10 5 5 6 7 5 10 5 6 11 12 12 6 6 8 12 5 7 12 1 12 6 3 2 12 14 3 6 3 14 4 12 1 13 13 4 1 5 6 13 6 4 3 13 12 8 6 7 16 14 2 13 8 9 15 1 12 7 14 17 2 7 13 8 7 5 18 16 14 12 14 16 12 11 14 4 13 8 13 14 14 11 3 14 19 8 7 7 19 1 13 6 6 7 13 13 3 14 1 13 7 5 3 3 9 21 16 2 13 9 11 6 14 16 10 8 6 19 13 12 12 7 15 0 6 7 15 6 11 10 15 12 14 3 12 13 5 4 14 2 7 10 14 12 19 5 14 12 5 14 9 13 10 5 14 8 5 8 9 13 14 9 13 12 4 10 12 3 13 10 12 5 7 2 10 6 10 5 11 12 14 4 13 3 12 12 15 4 7 13 10 13 7 14 14 6 13 7 15 9 7 6 12 11 13 14 12 14 7 7 13 14 14 7 9 11 15 16 15 13 7 14 19 11 8 12 12 29 11 13 9 13 12 11 13 14 12 13 14 17 14 17 17 17 19 27 27 28 28 24 34 33 49 
15 0 1 1 0 2 3 1 0 1 0 3 1 3 1 6 5 5 7 3 4 7 4 6 8 5 10 0 10 7 4 5 5 10 9 0 6 4 7 7 3 7 12 9 7 6 9 5 6 6 0 4 8 12 2 11 10 13 13 8 5 5 11 3 14 4 1 9 3 13 7 2 14 10 13 8 5 10 10 0 14 11 9 5 1 7 4 16 5 7 9 7 0 3 14 14 4 1 14 14 2 14 11 14 6 0 8 15 2 4 7 11 11 13 6 13 6 21 13 3 12 4 0 5 0 4 9 9 16 10 16 11 6 11 9 2 16 16 14 3 0 7 1 9 1 2 4 12 10 13 16 12 0 12 5 2 4 1 3 5 6 13 6 14 14 11 14 5 11 3 11 6 4 4 2 6 1 1 11 13 4 21 7 12 10 23 14 16 1 5 4 14 16 12 1 5 5 6 5 6 14 17 3 2 7 2 11 12 3 15 16 7 14 4 10 4 14 10 9 9 28 11 15 11 12 11 25 26 13 34 11 35 14 11 12 9 15 15 7 16 15 14 12 10 10 15 10 13 11 14 9 10 27 27 29 17 11 11 15 13 13 18 14 34 13 20 14 20 20 33 21 28 34 18 24 27 22 21 28 33 28 28 45 29 36 37 36 31 35 36 40 38 41 40 38 40 63 
16 0 1 0 0 3 3 1 1 1 6 5 1 6 3 7 0 1 7 2 6 0 5 5 6 2 10 7 8 10 5 3 5 0 4 3 9 11 7 3 7 5 0 3 12 2 4 6 12 5 13 11 5 10 14 6 8 8 13 4 2 14 3 0 10 12 4 1 1 1 3 7 12 0 14 6 4 10 16 6 14 5 3 7 8 3 5 1 8 7 2 1 7 17 13 5 1 11 3 7 6 9 8 3 1 19 9 8 1 9 3 4 4 2 15 13 3 11 8 7 21 11 4 6 6 9 12 9 4 4 5 5 10 1 7 23 10 14 9 3 0 8 1 13 0 5 7 4 4 7 13 9 13 9 0 11 7 7 0 12 6 12 3 15 8 13 4 25 10 11 11 5 14 7 24 25 13 6 6 7 4 20 14 14 28 5 1 2 2 7 12 12 16 4 15 13 10 8 10 10 11 10 4 13 9 16 14 20 6 7 13 6 12 11 8 16 7 21 8 14 15 8 11 27 13 12 38 13 11 33 14 13 13 13 13 14 15 16 14 27 17 26 26 24 41 35 35 26 26 26 26 25 35 25 35 40 41 60 45 
17 1 1 3 3 3 5 4 7 0 2 6 2 5 5 5 8 4 5 9 2 2 2 2 2 4 3 2 9 2 8 8 7 1 9 1 7 10 6 13 4 7 14 13 6 4 6 6 1 13 1 14 2 3 16 14 3 2 1 10 14 15 14 3 2 13 11 3 0 2 6 1 6 5 6 10 8 6 0 4 10 6 15 1 8 4 2 1 14 3 5 4 3 9 9 18 13 13 10 1 5 6 8 16 14 5 20 10 13 7 5 13 7 2 1 14 12 13 10 3 24 14 6 13 12 7 7 0 7 7 12 14 15 6 26 16 6 0 3 6 14 4 4 14 2 5 11 15 10 10 2 8 5 9 6 10 5 13 3 8 26 12 8 15 13 6 25 9 16 8 10 24 10 8 13 11 24 10 11 29 19 11 24 17 14 13 27 14 13 16 10 14 14 14 13 13 20 13 13 18 27 16 42 28 28 35 28 26 23 27 28 23 24 40 45 36 57 57 56 58 55 56 91 
18 0 0 0 0 0 0 3 5 3 3 7 7 3 6 3 2 4 2 0 9 5 6 7 9 1 5 4 11 7 8 11 5 4 12 6 0 3 3 9 8 3 11 5 1 3 5 10 15 8 3 11 7 18 7 13 13 17 11 15 0 10 10 7 1 13 14 11 2 5 5 11 13 21 5 2 6 6 0 13 12 6 12 2 13 8 2 15 18 7 10 9 2 6 2 12 14 6 7 7 13 0 16 1 1 12 3 9 13 13 8 2 11 14 13 13 2 3 1 2 1 2 3 12 5 21 2 4 10 13 8 13 17 13 9 7 10 3 5 3 2 4 3 5 13 16 6 5 4 2 3 6 7 4 6 4 7 7 15 6 13 6 5 14 6 20 8 9 10 9 10 7 13 35 13 36 12 8 7 12 13 15 14 10 14 9 12 10 14 17 17 10 9 11 12 25 16 13 16 22 26 19 15 19 29 28 20 34 21 36 45 34 43 26 25 34 28 28 26 40 29 35 31 34 40 41 39 63 
19 3 3 2 1 3 1 3 3 4 2 0 5 6 3 4 4 4 10 3 11 6 4 9 5 12 10 2 7 5 13 2 11 13 9 1 3 2 13 2 1 14 2 3 4 10 1 5 1 8 7 3 13 13 10 8 3 15 5 3 4 2 9 4 9 3 4 11 14 8 15 6 3 6 9 10 3 2 3 9 7 7 7 10 7 7 7 9 2 14 14 5 4 6 9 10 8 13 19 11 0 25 13 26 2 12 7 13 1 14 5 13 9 5 12 2 12 12 20 12 4 9 3 14 12 28 13 3 2 26 16 8 15 12 15 14 17 15 12 8 9 13 5 11 14 16 16 14 14 11 8 21 14 32 14 23 17 13 13 9 12 12 9 15 24 11 13 14 14 14 7 31 10 15 13 11 29 13 14 12 20 35 14 14 27 15 13 13 13 14 13 12 13 15 34 14 14 14 46 21 38 33 23 36 38 50 41 44 45 40 62 
20 0 0 0 2 5 0 7 6 1 2 4 4 9 7 2 5 6 2 5 7 4 11 1 5 0 4 6 7 1 6 9 7 2 9 3 4 13 11 1 2 12 7 5 14 11 5 9 9 14 7 7 6 3 11 11 8 14 12 8 8 5 8 5 3 13 4 11 13 5 13 6 14 5 8 13 7 9 7 11 17 12 10 5 2 11 13 20 22 4 7 17 1 5 15 14 8 4 6 7 1 15 3 5 1 1 1 17 3 20 13 14 5 14 5 16 5 12 5 13 15 6 7 13 3 14 4 11 6 4 5 11 1 5 24 11 13 13 6 7 9 16 10 19 27 13 9 27 14 22 12 3 5 14 12 11 16 6 12 8 7 21 8 19 28 15 14 37 27 13 22 13 35 12 11 41 32 17 29 19 29 37 34 31 21 22 28 28 28 39 29 26 34 39 34 54 54 60 90 91 181 
21 1 2 3 3 3 5 4 5 0 0 7 6 4 2 3 3 1 3 4 5 11 0 11 14 5 13 14 7 13 7 4 3 14 9 13 2 1 7 7 13 11 0 13 11 8 19 9 10 0 5 15 2 5 8 14 6 11 6 4 15 14 5 12 8 14 13 6 14 13 9 11 8 13 7 25 14 12 4 7 2 12 2 5 12 8 6 6 13 20 13 10 6 6 9 7 1 18 2 14 15 12 11 7 3 6 9 7 3 4 3 4 7 5 11 13 7 12 13 17 13 10 11 15 8 9 25 6 12 6 15 13 23 19 14 16 12 13 34 13 14 14 13 16 24 13 15 24 29 36 41 27 38 27 34 25 23 27 28 33 
22 0 4 1 2 3 2 0 3 1 2 8 0 4 8 3 0 4 6 11 9 0 11 11 10 13 13 14 13 0 13 14 3 11 11 12 0 5 7 3 13 0 6 11 13 14 4 3 14 13 13 13 9 15 13 14 9 14 3 16 7 14 14 14 8 11 7 11 2 4 13 0 4 14 5 3 0 12 12 1 2 25 3 4 14 14 7 6 9 13 5 14 5 9 20 10 8 14 21 14 14 18 7 13 15 13 12 14 11 11 15 19 14 15 11 13 15 17 13 13 13 10 13 17 16 11 36 12 15 12 12 13 57 
23 0 1 0 2 2 0 1 1 5 2 6 3 7 5 3 2 4 9 10 11 9 11 7 7 3 13 2 5 1 6 6 13 16 9 9 9 8 13 15 13 5 13 13 15 13 7 8 12 11 15 13 10 13 13 9 3 11 13 16 11 14 4 16 4 4 16 3 3 10 13 16 5 8 7 16 16 16 14 1 10 13 14 5 13 11 3 13 16 17 15 13 15 16 4 9 4 10 13 1 3 14 4 16 15 4 14 3 10 4 11 7 12 18 5 4 6 6 8 15 7 14 11 14 32 22 27 39 42 
24 0 1 2 4 3 1 5 2 4 5 3 4 0 7 0 1 8 8 8 7 9 6 11 4 6 2 8 9 0 11 7 12 12 4 9 2 3 8 4 5 6 9 13 5 2 14 15 5 4 13 2 1 3 2 14 13 13 0 8 8 18 12 7 4 2 12 14 3 7 10 3 5 10 23 5 19 2 0 20 22 22 3 8 9 6 9 5 16 8 12 14 12 10 5 10 1 0 2 2 16 2 21 13 3 10 2 13 3 8 10 18 6 7 2 6 10 5 2 14 7 2 3 21 23 25 16 12 18 4 6 7 7 7 11 11 8 9 8 27 13 10 16 11 15 12 24 14 14 13 20 20 24 29 38 28 20 42 58 
25 2 3 5 0 3 7 7 2 8 3 6 0 2 9 4 9 3 6 6 9 5 1 2 2 13 4 7 14 0 11 8 10 12 1 13 8 3 15 10 16 6 12 9 16 16 6 16 6 9 13 14 6 0 14 20 3 2 7 7 8 1 12 7 3 9 2 10 2 14 5 6 3 11 5 3 16 10 7 17 4 7 14 10 11 10 2 4 11 13 6 11 9 4 9 12 6 12 10 14 5 13 14 16 9 7 8 14 14 13 11 13 28 12 24 11 13 9 15 15 13 12 13 11 14 13 15 26 14 43 34 22 27 40 29 36 56 43 78 363 
26 2 2 1 1 2 5 6 2 2 7 8 6 4 4 1 8 3 8 2 1 11 6 6 2 5 0 10 1 5 11 14 2 7 1 2 2 0 3 12 7 4 6 13 12 1 12 9 14 13 10 14 2 12 2 4 6 15 6 1 6 4 3 20 1 8 12 12 12 3 17 4 11 6 12 5 17 11 13 7 13 11 12 6 9 13 7 12 3 4 4 1 4 15 4 4 3 6 12 15 7 8 20 10 21 14 12 6 8 5 14 21 16 7 6 13 10 14 11 10 14 8 10 14 14 16 20 38 24 22 24 42 35 38 39 38 
27 1 3 1 4 3 6 6 6 3 3 3 6 10 9 2 10 12 5 11 6 9 7 3 8 8 14 7 2 9 13 2 5 7 10 1 3 10 7 14 2 0 10 7 13 15 3 8 18 6 0 15 8 14 11 20 13 16 21 1 1 9 5 13 9 14 17 2 2 7 12 0 2 15 8 1 14 18 13 1 7 13 15 28 11 5 7 14 26 11 25 11 14 5 5 13 24 14 12 17 8 15 14 12 11 14 39 31 13 16 35 42 23 30 44 
28 1 4 0 5 8 7 5 6 7 8 4 6 5 6 3 11 10 12 10 13 11 11 9 3 14 6 8 2 6 6 7 13 5 1 6 1 6 0 9 10 13 3 7 3 6 16 13 0 14 3 0 7 13 20 12 4 1 15 8 10 5 20 12 5 10 1 4 7 6 20 0 7 6 3 3 14 26 10 5 15 15 19 6 4 14 6 17 13 4 4 4 9 14 7 7 20 28 9 25 20 11 29 17 12 10 11 19 15 34 14 19 19 19 46 31 34 42 
29 2 0 2 3 1 0 6 6 1 4 0 5 4 11 5 6 10 1 2 13 14 13 8 14 6 1 13 10 6 11 0 5 13 4 15 2 4 9 9 10 5 1 0 13 2 4 14 3 4 12 10 8 7 3 4 21 13 6 0 14 1 12 7 4 14 4 3 7 4 20 10 12 4 3 25 5 4 5 2 8 14 7 11 4 9 20 22 6 14 13 14 14 14 14 14 23 13 14 13 19 15 33 29 32 24 57 63 
30 3 5 1 5 6 7 7 2 5 1 4 10 8 11 6 1 7 11 9 0 8 8 5 4 17 4 2 13 3 7 5 4 11 18 6 21 14 14 4 22 13 14 14 13 2 9 6 12 10 5 6 9 7 1 21 2 7 6 11 7 7 9 3 14 6 4 5 14 5 4 33 13 11 14 16 10 8 7 13 25 27 22 12 19 34 32 17 41 21 20 34 22 43 36 
31 2 2 1 4 3 4 4 7 3 9 5 6 2 5 9 0 1 5 5 12 4 2 14 5 5 14 2 5 3 7 4 10 18 9 1 4 14 9 11 1 2 2 0 12 12 8 2 0 23 7 4 7 6 4 12 14 21 2 13 12 6 7 18 3 9 13 12 0 18 5 11 5 5 4 27 14 13 13 12 28 13 13 27 14 15 31 47 38 
32 1 1 2 2 3 6 6 6 3 6 0 9 7 8 2 5 13 5 14 2 13 10 13 8 12 13 13 20 9 17 8 13 8 4 7 15 8 8 5 18 6 11 21 1 14 6 11 12 4 27 8 5 19 9 6 12 9 7 7 7 7 13 13 12 7 12 12 25 12 29 18 11 14 17 13 21 22 19 28 41 63 
33 0 3 6 8 7 4 7 5 1 7 11 10 6 7 2 6 13 8 1 2 6 7 6 14 9 9 3 7 3 9 4 3 5 9 8 8 12 17 11 7 2 17 13 14 11 9 2 13 11 6 14 4 24 13 13 5 13 13 22 33 11 14 17 13 18 14 31 26 
34 3 2 3 4 5 0 1 8 2 8 2 13 6 10 11 13 6 3 6 15 11 13 13 3 16 14 18 11 13 6 16 0 3 0 22 13 5 13 7 12 23 8 14 3 14 13 17 27 27 6 4 13 8 14 13 5 7 12 13 24 14 11 14 15 
35 0 2 7 6 12 9 6 0 14 1 6 7 10 14 1 18 10 6 18 3 8 8 3 14 13 5 9 5 9 5 13 12 8 14 3 13 5 4 6 14 13 6 14 14 8 7 20 23 10 10 13 29 33 44 54 
36 0 1 7 3 10 0 11 4 13 12 2 3 15 10 13 5 16 7 13 2 13 7 17 0 11 9 14 14 8 9 3 4 1 5 2 1 25 2 7 10 11 26 2 21 8 12 5 14 5 10 9 6 23 8 7 36 8 36 13 11 17 32 13 20 13 18 28 
37 1 4 3 1 3 5 6 9 5 7 0 0 7 11 13 4 15 5 14 4 6 1 14 14 15 6 1 12 8 8 0 6 8 14 2 12 11 0 8 2 11 1 1 6 3 2 13 13 13 5 6 14 7 10 7 18 11 14 13 18 22 69 
38 2 2 1 3 7 8 6 0 5 6 9 9 0 1 16 10 5 6 14 3 5 21 22 15 14 5 10 19 7 7 2 14 28 5 4 7 10 13 10 27 20 14 28 24 25 22 
39 2 7 3 4 9 10 1 12 2 11 8 14 12 13 1 15 5 3 14 12 10 1 5 14 14 1 13 2 8 6 6 7 11 27 8 25 13 6 27 13 34 14 34 34 27 44 55 
40 3 5 2 10 7 9 9 9 14 3 11 5 3 1 1 7 5 12 1 3 8 6 11 11 10 8 13 1 7 10 5 3 10 3 31 12 3 7 14 5 9 13 14 25 13 18 14 14 10 20 13 13 13 19 28 44 66 
41 1 2 1 5 5 4 5 6 4 12 1 5 9 4 4 7 2 3 13 9 7 10 6 3 2 1 5 10 14 14 23 7 23 13 8 3 13 5 10 11 23 41 31 21 28 111 
42 3 8 4 6 1 1 6 10 6 1 2 11 12 14 8 14 8 9 1 15 7 4 11 7 1 20 12 0 3 3 1 12 7 12 13 4 11 9 11 21 13 22 18 23 
43 0 3 5 4 2 5 4 0 11 6 13 4 1 7 14 11 17 12 5 10 7 19 7 0 17 4 10 0 12 13 8 3 6 5 13 12 7 12 12 6 26 7 10 20 8 14 14 16 13 13 19 35 263 
44 1 3 3 6 5 9 6 8 11 10 5 0 0 1 7 12 16 2 1 3 3 10 7 0 13 6 14 10 13 2 5 3 0 1 3 16 8 2 10 14 6 6 7 14 13 14 16 13 13 14 14 21 
45 2 7 0 8 7 0 7 11 12 6 13 5 13 7 5 10 14 6 2 3 11 13 4 11 14 17 9 33 15 27 24 25 101 
46 4 10 6 14 8 2 2 7 7 9 12 11 4 6 7 2 8 21 2 13 7 11 3 18 12 27 6 13 18 32 58 
47 1 5 0 4 7 9 12 3 10 14 2 8 15 5 10 5 7 0 0 0 19 0 4 6 13 12 15 12 7 11 13 13 14 59 
48 2 7 5 9 7 4 1 1 14 14 2 15 3 15 7 12 17 6 14 6 6 9 12 35 14 14 30 29 42 
49 1 4 2 4 6 12 3 8 6 7 14 13 14 10 1 4 11 4 1 4 14 1 18 3 3 9 3 2 6 9 10 18 13 14 18 
50 2 0 7 5 7 12 4 5 13 4 0 12 4 4 3 4 6 12 3 10 15 17 3 7 14 3 8 14 9 14 9 16 12 13 38 32 36 40 
51 0 5 14 6 9 3 9 11 9 12 11 26 5 7 11 13 12 29 
52 0 6 10 13 13 4 6 7 20 16 21 3 18 9 14 1 2 5 8 4 7 6 12 9 21 43 26 
53 3 13 13 1 7 14 1 6 13 11 12 4 10 27 35 27 45 
54 7 6 2 4 13 1 11 9 20 9 9 4 12 13 4 1 6 11 35 13 19 25 
55 0 6 7 2 5 0 9 14 9 12 20 13 5 0 9 6 8 21 13 6 10 9 10 22 23 
56 0 2 6 6 13 13 8 0 3 8 11 2 11 13 13 24 10 14 9 18 40 
57 5 7 8 9 6 14 5 8 13 4 4 15 16 12 13 20 7 28 238 
58 2 4 5 6 4 8 3 1 9 13 6 15 4 8 10 3 22 1 14 21 
59 0 8 8 8 3 10 8 12 6 15 13 1 3 7 15 13 2 14 4 3 14 13 35 41 53 
60 8 11 8 8 10 13 2 10 27 6 12 24 
61 0 0 4 10 16 7 2 1 6 11 7 12 21 
62 3 6 6 6 0 7 1 7 8 0 0 11 5 1 7 2 17 7 13 21 
63 7 11 6 0 5 0 9 3 23 4 2 12 31 8 14 
64 4 1 1 14 16 14 4 6 13 6 28 9 
65 4 0 1 4 4 13 11 2 11 3 1 9 13 17 
66 9 11 13 16 12 
67 3 5 0 9 16 5 0 15 
68 0 12 13 11 16 14 18 
69 10 8 5 15 7 9 14 14 
70 13 3 16 
71 0 12 14 15 5 1 
