0 
1 
2 
3 
4 
5 
6 
7 
8 
9 
10 
11 
12 
13 
14 
15 
16 
17 
18 
19 
20 
21 
22 
23 
24 
25 
26 
27 
28 
29 
30 
31 
32 
33 
34 
35 
36 
37 
38 0 1 1 3 3 5 5 5 7 5 5 7 6 7 7 8 8 11 10 13 13 12 14 14 14 14 15 20 23 
39 3 0 2 2 4 3 3 5 2 5 4 4 5 5 6 3 6 7 6 6 6 4 7 7 5 8 2 8 8 2 6 9 6 6 7 8 3 8 8 6 6 11 6 8 7 8 9 2 4 11 4 8 5 11 11 9 5 10 8 9 13 4 0 13 5 8 3 13 5 5 14 1 14 5 13 4 13 14 13 5 13 8 14 7 14 10 3 9 12 6 2 6 7 13 8 13 6 13 3 16 9 3 13 13 13 11 3 9 14 7 16 11 1 14 14 9 7 13 11 1 12 8 0 14 11 7 13 14 9 13 14 14 0 8 11 1 5 12 3 13 7 2 10 11 3 13 6 18 3 7 3 7 0 8 3 1 7 2 6 7 13 4 14 11 0 9 5 3 13 6 2 7 0 6 7 14 7 13 7 12 6 13 4 7 14 14 16 5 6 8 5 2 11 0 12 2 6 5 6 4 23 12 6 4 6 8 4 5 16 6 6 13 14 7 6 11 7 5 3 8 14 11 14 6 13 6 13 3 7 9 8 4 2 5 13 9 3 11 14 14 14 11 15 5 11 13 14 6 9 3 27 14 7 10 6 7 16 8 13 11 8 7 6 19 9 2 14 15 10 12 10 7 7 13 13 9 13 4 5 13 4 5 19 12 14 14 13 5 7 14 13 7 6 9 6 10 18 7 8 7 11 6 14 8 14 14 14 13 20 12 14 13 14 13 14 14 12 14 9 14 14 14 14 12 11 10 14 13 16 11 16 14 12 20 18 15 18 17 15 19 19 15 17 20 20 16 25 22 35 22 28 164 
40 0 4 3 0 5 3 5 6 5 5 6 7 0 6 6 3 1 8 8 5 3 5 6 5 8 6 3 9 0 2 10 7 10 8 9 1 2 0 2 12 2 10 11 3 6 6 8 1 13 14 8 13 14 11 14 14 4 13 8 14 14 14 11 4 12 10 3 4 11 6 3 9 5 13 1 12 8 12 5 6 1 9 14 14 11 13 5 13 7 14 6 11 13 13 2 1 10 14 12 14 16 13 4 6 6 6 7 8 14 1 2 4 7 9 8 14 11 6 4 11 8 3 9 14 1 21 6 7 1 14 2 14 4 17 8 8 14 14 4 3 14 6 11 7 3 0 4 13 6 7 0 5 14 7 14 8 2 7 20 15 5 15 6 4 3 0 2 13 2 17 13 2 14 4 9 1 9 16 14 14 11 14 6 6 1 2 4 12 23 6 7 7 7 7 2 9 14 12 3 2 14 2 6 10 14 14 13 11 3 6 14 3 4 5 8 8 1 0 13 12 1 13 13 14 2 5 14 10 20 4 12 9 11 10 11 1 7 9 3 7 6 21 6 15 17 14 9 2 8 5 13 12 5 11 15 7 8 4 12 14 13 7 13 6 7 12 12 18 16 7 15 14 13 7 14 6 6 14 6 13 13 7 14 14 14 12 11 13 14 17 10 9 20 12 12 12 12 13 11 14 14 11 13 12 14 17 9 27 12 19 11 14 14 14 28 13 11 14 14 12 15 14 14 15 16 21 19 35 35 35 38 49 
41 1 0 3 3 3 3 5 6 6 7 3 7 5 5 1 8 4 5 2 2 9 5 8 8 3 0 4 9 2 3 3 4 6 12 9 7 11 0 4 4 8 12 3 8 14 11 7 10 14 6 3 6 14 11 11 6 4 7 13 10 6 13 10 4 10 2 12 11 0 12 1 10 3 8 6 6 14 14 13 14 0 1 6 7 6 2 14 14 7 4 10 11 13 9 2 18 11 6 14 15 6 11 13 1 6 10 13 10 4 1 14 3 13 4 4 10 13 11 13 11 19 8 13 5 10 4 0 7 12 13 6 16 10 14 4 14 3 13 10 11 16 16 3 11 14 7 6 14 8 13 3 1 11 18 6 16 11 4 7 9 1 5 13 4 13 7 3 3 5 14 7 14 12 14 10 9 6 16 3 7 13 11 2 0 13 4 7 1 7 4 10 13 3 13 13 6 9 2 12 14 14 7 7 6 12 9 24 14 14 13 1 3 11 14 15 7 2 7 13 15 8 30 12 3 15 13 20 18 15 21 7 12 15 11 16 6 7 5 15 11 10 6 14 14 9 10 13 18 13 7 12 7 17 14 14 11 20 26 13 11 13 14 13 14 13 11 9 12 14 12 10 12 13 14 11 11 15 11 14 14 10 14 11 17 16 15 14 13 12 13 14 13 14 14 14 13 19 15 14 24 19 18 21 26 32 
42 0 0 0 0 0 3 3 5 2 5 6 7 0 3 7 3 1 7 8 0 8 7 7 5 8 2 4 5 0 9 5 11 3 11 7 8 0 7 6 7 7 11 4 4 5 1 11 13 13 13 5 14 7 8 1 7 15 6 7 9 2 10 14 11 13 11 1 7 9 7 7 13 6 9 6 7 4 12 4 3 10 2 4 10 9 13 8 0 8 17 12 2 14 13 6 14 3 9 14 6 13 14 14 13 5 11 7 10 10 15 13 13 4 11 3 6 14 7 8 13 14 14 11 12 15 14 10 8 8 7 13 11 11 6 8 14 4 9 5 4 8 7 11 9 14 4 13 1 2 8 1 13 13 7 14 14 6 14 5 8 13 14 16 15 11 13 9 3 12 14 15 5 13 5 12 6 6 4 11 6 16 7 2 15 7 0 13 0 9 13 6 13 14 9 7 16 3 7 6 13 9 4 17 2 14 9 11 8 15 14 16 17 10 8 11 14 3 6 6 1 5 16 7 6 8 7 5 1 3 11 7 4 15 18 7 11 5 3 14 19 14 6 9 14 8 7 8 8 13 6 5 10 8 13 11 7 13 14 9 12 17 10 14 15 14 13 12 8 16 13 13 8 15 8 10 10 11 14 14 14 12 13 12 14 15 13 10 13 11 13 14 14 14 15 14 14 11 14 26 13 12 14 18 13 14 15 14 15 14 22 20 21 35 24 29 
43 0 0 2 1 0 3 4 5 5 6 7 2 6 2 6 7 4 5 5 8 5 8 6 8 3 9 7 6 8 9 6 11 6 11 5 7 11 3 0 8 8 13 9 10 4 14 10 7 13 6 2 10 8 14 1 4 3 11 14 13 3 4 5 8 13 14 12 14 14 4 14 11 14 12 10 13 7 10 11 5 16 7 4 14 13 14 13 7 11 6 13 0 7 7 14 13 18 4 14 9 14 15 8 9 12 4 15 5 5 9 12 12 14 10 12 16 7 11 16 13 14 3 5 12 5 12 5 14 17 4 8 12 12 15 11 7 0 14 15 13 14 3 14 13 12 14 6 14 9 5 13 1 14 14 10 2 3 0 10 13 8 18 13 9 6 4 1 13 13 6 6 1 6 6 11 10 2 14 6 7 9 13 7 0 14 2 14 14 8 16 6 14 10 4 13 7 1 6 2 7 14 7 14 7 20 15 5 14 3 9 13 3 14 11 7 9 13 8 10 15 7 14 28 8 3 11 5 7 12 14 28 7 13 7 7 5 6 15 13 15 14 12 13 15 13 22 12 29 14 13 14 12 15 14 9 13 14 9 13 18 13 16 14 10 10 11 19 13 23 14 15 14 14 13 15 19 12 13 13 13 13 13 21 15 20 25 39 36 
44 1 0 3 2 4 4 3 2 3 4 4 4 3 2 3 7 3 8 3 8 1 8 7 2 7 9 3 10 4 4 5 10 8 12 1 9 13 12 13 12 1 13 13 5 12 9 11 5 7 6 14 1 14 9 14 13 8 5 5 2 5 4 13 12 2 14 13 4 14 8 12 15 13 14 8 5 6 7 3 11 14 8 4 12 11 6 8 5 11 5 0 9 14 19 7 3 12 3 6 20 20 11 10 14 10 4 14 14 12 7 14 14 7 14 6 15 14 0 6 13 5 2 14 14 14 7 11 22 9 4 9 10 12 3 10 7 12 8 13 12 10 3 1 18 10 5 9 3 7 10 9 14 16 11 13 20 15 7 6 14 8 13 17 7 5 10 11 13 20 18 13 7 13 20 3 14 12 7 3 13 14 27 8 14 9 7 21 15 9 4 6 10 11 14 6 8 28 11 13 4 11 12 15 4 13 6 16 12 27 19 8 6 12 5 14 14 9 11 9 10 13 11 26 9 20 17 11 9 9 12 13 28 14 29 10 14 14 13 10 17 25 14 26 20 13 19 15 25 20 17 22 28 40 25 20 41 45 26 30 29 29 29 32 27 36 32 45 38 
45 1 0 2 3 2 3 2 2 2 6 7 3 3 6 4 7 10 2 3 2 6 1 10 2 10 1 6 4 1 3 8 8 0 4 10 13 8 7 4 7 2 13 2 11 12 2 10 14 5 6 10 6 5 2 1 4 3 11 14 2 3 18 2 6 13 12 12 14 13 6 4 14 13 9 4 3 7 15 11 5 16 13 18 1 13 9 12 13 11 11 1 12 20 7 14 5 5 15 1 17 13 2 9 13 14 17 15 6 11 12 12 13 12 10 4 13 6 5 2 14 7 6 12 8 20 6 3 7 7 6 8 21 28 6 2 5 14 19 22 3 8 1 19 8 11 11 12 13 12 14 5 12 4 8 5 11 14 16 7 7 13 8 6 13 7 35 31 8 11 12 12 7 9 14 21 21 12 14 26 7 13 26 19 30 13 14 13 13 11 11 13 15 13 14 39 21 13 13 17 13 15 15 25 28 29 29 19 33 17 26 18 28 28 28 39 42 34 41 70 
46 3 1 3 1 1 1 3 2 2 6 3 6 5 3 3 3 4 3 6 0 6 4 5 5 5 4 2 2 7 7 7 3 7 7 9 7 7 7 2 9 8 3 7 8 7 10 10 3 7 4 14 9 2 2 6 10 5 8 8 3 11 12 11 14 11 1 8 13 2 12 0 13 13 10 14 3 13 7 14 14 9 8 7 6 6 1 1 1 9 14 13 13 15 2 9 14 14 3 9 11 1 2 13 5 9 13 5 16 2 5 14 14 20 13 9 7 1 12 1 3 0 4 5 1 0 5 7 11 16 4 10 24 18 5 8 21 13 19 8 11 12 0 7 8 14 16 19 5 27 4 9 6 4 14 3 5 7 9 8 13 15 23 9 7 7 11 4 12 3 13 6 4 7 19 19 13 12 19 27 12 8 4 24 6 2 28 9 14 9 13 4 4 9 11 7 13 6 6 11 13 8 11 35 18 6 13 35 12 13 10 14 8 16 35 35 9 10 15 9 26 28 10 11 9 31 18 27 20 14 13 13 22 13 16 13 14 29 22 14 24 18 19 30 25 23 31 27 36 40 27 44 41 37 41 42 62 
47 2 1 2 2 3 4 4 4 2 4 4 1 2 7 6 6 8 2 6 7 7 6 7 4 2 12 12 3 6 4 5 6 5 1 6 4 8 6 7 11 14 4 7 2 4 7 4 13 14 10 5 3 6 3 4 14 12 14 9 3 6 4 11 7 13 5 7 5 6 11 12 12 11 1 16 9 14 7 8 18 20 14 14 13 13 6 12 14 22 4 2 2 2 3 4 7 3 15 5 5 20 10 8 13 4 4 8 6 19 19 5 1 14 27 13 21 12 14 6 0 9 7 1 7 6 6 12 2 1 21 11 7 4 14 4 12 4 9 14 0 19 11 14 4 11 13 2 3 4 10 10 10 7 16 14 15 2 16 7 7 4 11 6 13 5 3 4 7 11 4 12 4 4 26 6 7 9 11 6 5 13 14 5 10 13 31 6 34 13 9 8 13 13 21 28 24 16 10 31 15 7 12 16 15 29 29 13 13 14 9 14 9 36 17 10 9 11 12 10 11 10 27 12 41 10 26 12 11 14 12 14 23 25 14 18 18 15 14 17 16 27 23 17 19 27 36 36 36 24 25 24 24 24 28 26 27 40 35 27 41 52 35 55 37 62 69 57 
48 0 2 2 3 5 2 1 5 1 5 0 2 2 6 6 5 3 3 7 9 6 5 3 5 3 8 6 3 1 12 12 3 8 2 3 6 3 13 11 9 7 7 10 13 11 11 7 13 13 12 0 14 12 9 12 13 11 6 12 14 13 12 4 10 14 4 14 1 0 7 15 0 3 13 15 9 3 14 7 6 12 6 6 2 14 13 7 7 6 2 11 5 18 6 16 16 15 3 13 6 14 15 11 15 7 5 23 25 2 4 4 4 9 9 16 24 14 6 9 3 21 13 13 7 11 18 1 5 0 4 28 0 9 25 10 9 2 16 4 9 7 14 3 14 6 3 3 25 12 8 16 7 5 12 12 13 7 17 23 6 14 9 13 8 6 13 11 18 14 27 8 27 34 20 23 11 12 12 15 30 13 16 27 15 35 21 17 17 12 20 14 22 44 17 20 21 31 21 46 30 36 28 27 41 29 29 26 37 
49 1 2 7 0 2 7 7 8 0 7 3 0 7 5 12 6 0 3 11 4 7 5 8 4 12 5 6 9 7 10 4 1 5 1 10 9 4 14 3 9 3 12 2 7 14 9 3 16 1 13 20 5 15 12 12 10 0 14 21 5 6 14 5 6 1 8 13 1 0 19 3 3 7 14 2 3 13 2 0 5 2 16 5 1 13 5 18 1 14 0 6 4 27 12 2 2 2 6 6 1 2 11 13 9 11 4 4 5 6 5 8 4 10 14 5 13 6 12 5 13 3 3 6 5 6 5 27 14 6 4 12 6 10 7 27 6 6 23 5 11 13 9 9 8 8 6 18 9 6 16 16 12 19 13 9 7 7 8 13 11 8 13 14 14 13 14 13 14 10 15 12 11 11 13 13 12 11 15 11 14 13 15 39 17 25 26 29 29 27 22 27 32 35 41 27 43 28 30 42 32 42 42 38 41 44 100 
50 2 2 1 2 6 5 5 5 6 3 3 4 4 6 3 4 4 2 0 3 6 0 8 7 1 9 9 7 8 4 5 7 11 7 1 2 2 2 5 13 12 12 4 1 6 13 4 14 10 3 14 5 5 10 1 15 0 14 8 14 6 3 2 0 1 14 14 5 14 5 5 9 6 10 11 13 11 1 15 14 10 5 13 4 7 4 1 14 10 14 6 12 5 17 5 11 14 1 4 13 5 6 8 5 15 6 14 2 2 14 3 13 3 13 16 10 27 15 13 8 3 14 7 22 24 28 14 6 14 6 17 2 10 6 4 3 3 6 4 4 10 3 5 5 6 16 8 14 4 4 6 6 7 4 13 13 7 5 14 16 14 18 7 10 13 10 12 10 14 13 14 11 10 25 15 14 14 28 21 20 14 13 21 21 19 17 17 35 40 18 17 41 27 28 36 27 31 50 44 40 42 46 56 92 
51 1 1 2 3 2 6 5 8 3 9 1 8 8 7 3 5 7 7 7 0 5 7 3 11 2 11 12 8 4 2 2 13 4 1 12 14 14 7 13 14 14 8 14 10 11 9 20 1 7 2 13 10 7 6 5 6 5 2 11 15 6 24 9 21 16 2 7 6 4 17 13 24 14 6 3 1 7 18 13 0 12 27 2 12 6 3 1 20 15 5 30 9 14 3 6 6 8 7 27 23 14 15 12 7 7 9 28 13 12 17 30 27 12 15 12 39 16 26 35 36 23 15 17 22 41 35 21 23 43 48 26 29 34 35 126 
52 4 1 0 2 6 7 0 12 7 10 12 0 3 4 14 11 5 4 9 6 1 13 14 4 8 9 10 10 7 4 13 17 1 14 17 9 10 7 13 11 12 0 11 10 1 7 23 22 8 27 7 7 2 13 15 4 4 19 15 11 8 11 8 9 2 2 14 14 6 6 20 14 10 21 7 5 8 14 15 33 14 14 28 10 9 14 16 12 13 14 14 13 13 15 14 23 28 41 27 24 34 26 39 31 36 37 39 40 38 52 65 
53 0 0 0 2 6 2 4 3 3 6 12 7 5 4 7 5 3 13 11 9 14 2 15 3 13 5 12 12 10 7 14 7 14 13 13 12 7 2 12 3 2 1 2 9 13 4 3 0 4 5 13 10 5 2 18 5 12 14 4 11 13 4 6 13 9 13 29 9 4 13 5 10 3 11 13 5 13 12 14 14 13 13 21 12 11 16 27 8 8 13 11 8 14 12 12 19 33 21 28 44 28 24 29 37 35 27 30 35 37 45 51 
54 0 0 2 5 1 6 3 8 6 5 4 3 4 6 7 7 9 9 10 13 13 3 7 8 3 6 7 5 9 11 7 1 17 13 2 9 7 15 12 10 13 14 12 3 1 25 11 14 7 20 1 15 4 17 9 5 13 20 13 9 13 4 12 14 2 13 14 6 15 11 9 19 4 8 20 16 8 13 11 19 28 24 24 11 28 13 14 13 32 20 21 25 20 31 26 35 51 33 63 
55 2 5 7 3 6 3 7 9 7 3 7 13 4 7 0 11 12 7 8 11 11 0 5 11 15 3 13 14 0 10 11 14 9 6 6 20 4 16 22 13 13 2 4 1 18 4 5 17 3 13 11 13 2 12 5 14 5 2 8 0 4 0 16 4 8 9 3 4 9 10 5 13 23 19 6 15 10 15 8 12 11 21 13 33 11 13 14 27 16 24 46 34 40 36 38 
56 2 4 0 5 5 6 6 5 3 2 11 10 3 10 3 8 7 13 7 6 12 2 2 13 5 10 14 11 2 3 17 11 6 7 12 0 8 9 9 5 5 8 10 10 4 5 16 0 13 14 14 11 12 0 10 6 26 9 20 16 14 4 5 27 12 30 7 12 22 13 6 25 5 11 13 23 7 12 14 6 18 10 9 16 18 13 35 34 28 28 17 35 26 28 22 24 31 36 91 
57 0 1 1 6 7 4 4 8 3 5 2 7 6 8 12 11 3 3 15 1 14 12 8 2 12 2 1 20 4 18 12 3 11 11 10 18 14 7 3 24 13 26 6 0 2 26 14 3 4 14 6 6 5 5 10 10 11 7 7 10 7 5 7 5 7 14 19 15 34 11 13 13 7 29 20 12 12 17 13 20 27 30 42 40 57 
58 1 2 1 4 2 6 5 7 6 1 7 9 8 6 1 8 3 6 10 14 6 8 14 11 14 7 2 5 10 8 11 12 11 4 18 5 7 6 4 17 9 13 2 2 5 10 9 11 15 7 21 4 7 4 10 34 25 13 5 14 10 14 14 9 35 13 14 10 19 13 13 12 14 14 16 43 21 17 19 20 34 21 33 65 49 
59 1 8 2 7 7 2 6 5 14 3 15 13 6 6 10 5 14 9 12 8 5 12 7 11 17 23 6 19 9 17 6 12 7 11 25 4 12 2 17 2 2 4 4 27 4 10 15 11 4 14 4 15 14 8 20 13 14 8 23 35 26 24 20 13 24 11 18 15 20 13 41 19 25 17 28 42 39 
60 1 1 2 3 7 5 2 3 10 11 9 13 0 2 8 6 16 2 0 6 12 3 17 2 14 15 8 21 15 11 15 11 7 14 21 9 7 6 16 2 10 12 14 19 5 12 8 7 4 29 10 22 28 14 15 7 27 28 9 10 47 28 23 28 34 53 56 
61 5 4 6 5 6 5 5 17 8 6 9 5 1 15 3 13 11 9 9 2 20 14 29 14 9 7 6 5 9 8 10 11 13 12 13 15 11 14 12 20 14 22 19 14 31 28 43 37 
62 3 7 2 7 1 6 3 1 6 4 3 7 3 13 5 8 3 8 17 5 2 13 0 13 10 5 5 13 12 0 7 5 6 5 2 4 9 10 5 6 7 6 6 19 15 4 14 9 7 27 36 9 12 11 16 13 36 17 22 48 21 28 44 35 125 
63 1 3 1 3 2 3 6 4 11 14 0 10 3 13 13 14 12 2 13 13 7 13 12 9 17 6 4 24 5 8 6 9 3 23 23 14 14 4 24 14 3 25 5 9 10 6 14 7 13 29 21 15 27 28 12 13 17 14 45 
64 1 5 1 6 7 2 11 5 10 14 4 11 2 5 16 10 14 5 12 12 5 6 11 8 2 9 1 14 11 27 7 13 14 8 15 8 10 9 9 24 4 12 24 6 11 24 27 16 16 42 22 14 18 42 29 30 
65 0 5 1 1 2 1 4 1 9 6 2 12 1 9 13 8 13 11 18 1 13 2 9 7 7 5 4 11 10 6 9 8 9 6 14 7 14 30 12 24 23 35 13 16 39 35 44 40 40 46 76 
66 1 3 5 2 0 14 12 9 18 3 4 3 13 2 5 12 22 12 18 2 17 6 8 4 6 13 27 10 8 33 11 15 17 14 42 14 36 55 48 
67 0 4 4 7 0 12 12 6 7 7 7 7 9 10 7 3 7 0 6 14 3 7 7 6 6 12 13 2 24 6 9 5 11 16 11 13 18 20 19 38 37 
68 9 9 3 13 6 14 4 5 12 7 7 3 7 12 7 19 2 0 7 3 10 10 10 1 10 10 11 14 8 14 27 41 
69 7 7 6 3 0 10 12 3 11 10 13 13 9 12 14 1 6 2 9 21 13 21 2 13 12 13 3 4 14 5 7 4 2 11 8 20 12 36 34 19 35 35 29 41 49 47 68 
70 4 6 7 3 7 3 10 5 13 11 6 5 8 14 4 18 12 15 13 7 18 13 6 14 15 17 14 29 
71 0 2 9 6 10 14 3 0 15 8 8 3 4 5 5 12 4 2 15 0 
