0 
1 
2 
3 
4 
5 
6 
7 
8 
9 
10 
11 
12 
13 
14 
15 
16 
17 
18 
19 
20 1 1 0 0 2 1 1 1 2 1 2 3 0 3 2 3 4 4 0 0 5 5 5 4 4 4 6 6 0 6 2 4 5 7 6 0 7 5 5 7 6 6 5 8 2 2 9 5 3 9 3 1 3 8 6 9 0 9 0 3 6 6 9 4 8 4 7 5 5 11 3 4 0 11 0 11 12 2 4 7 13 14 11 2 13 8 7 14 11 7 12 13 10 7 14 3 12 13 6 14 15 4 13 7 14 2 13 14 11 13 9 9 4 6 12 14 1 13 15 15 3 6 3 14 16 13 13 13 17 7 13 10 3 10 6 11 13 6 9 15 10 8 7 6 10 7 12 5 6 14 13 10 7 12 7 11 10 12 10 14 8 7 14 11 10 12 9 9 10 14 14 11 10 12 14 12 13 14 14 14 14 19 28 38 
21 2 3 3 2 6 6 1 4 4 0 5 6 2 5 3 0 4 2 7 5 8 6 5 10 8 9 8 8 7 2 8 4 6 5 10 11 8 8 10 10 12 1 12 7 8 9 9 0 12 14 1 10 1 13 5 10 2 4 8 3 13 7 6 10 14 14 9 10 7 14 14 7 5 3 1 10 6 1 8 8 4 2 5 7 8 10 6 17 13 2 5 9 13 4 3 17 7 4 6 13 11 8 10 15 5 4 7 5 12 11 9 14 13 10 1 10 14 4 9 7 7 14 2 1 4 21 4 4 13 5 8 12 9 8 6 14 5 7 8 9 4 9 14 6 5 2 10 5 11 3 12 15 8 13 23 13 0 7 9 8 5 6 2 10 14 11 15 7 7 8 7 10 10 9 6 5 2 7 5 9 5 9 7 20 14 15 2 15 9 7 14 13 8 12 14 13 9 5 5 17 13 6 7 5 7 14 13 17 13 15 15 8 14 15 6 11 14 7 14 7 11 7 14 13 13 13 14 13 12 12 13 13 10 11 15 11 16 13 13 15 24 15 17 20 14 17 26 28 28 28 36 32 
22 0 3 1 4 1 5 2 5 7 3 6 6 6 4 6 5 4 4 10 5 3 9 8 7 4 7 0 11 7 6 7 5 5 11 9 1 12 13 7 13 1 8 12 11 7 7 5 5 3 15 10 6 6 14 14 14 10 7 10 7 2 3 3 9 5 15 3 4 6 10 0 14 3 16 6 7 0 14 10 6 0 5 14 2 13 2 14 14 3 14 15 2 14 13 6 2 1 14 0 15 14 7 5 13 4 6 7 14 0 14 4 14 6 1 4 5 14 14 3 4 12 7 12 12 0 6 6 12 12 10 9 0 12 5 6 7 11 12 8 17 11 14 4 10 2 9 7 15 4 5 15 3 12 16 14 16 8 6 3 7 11 13 17 10 12 19 11 12 12 14 10 13 16 3 13 3 13 13 6 6 15 14 4 13 8 8 8 8 14 13 11 8 14 17 13 13 20 10 13 10 12 13 13 16 10 12 18 8 11 13 12 9 15 13 14 9 14 13 13 15 14 14 13 10 15 11 17 14 14 17 37 14 14 26 19 34 46 41 
23 2 1 1 0 3 0 4 6 3 3 1 0 5 6 6 5 3 1 3 6 6 5 8 2 7 5 4 0 5 3 6 6 0 5 2 2 7 11 2 0 2 10 0 7 6 7 7 5 13 11 0 13 8 5 9 11 0 7 9 6 8 3 14 12 12 4 4 11 5 15 0 8 8 8 6 10 7 4 11 10 5 14 13 12 4 16 4 13 8 4 3 15 13 10 13 7 8 13 8 5 10 0 14 4 14 7 4 4 11 12 2 14 14 13 14 9 10 8 8 7 9 9 6 13 3 13 8 13 4 2 4 10 7 10 11 11 16 14 13 5 5 6 13 12 15 8 12 9 14 15 10 13 13 13 5 14 7 13 10 18 7 14 13 4 2 0 7 14 2 0 1 9 13 6 1 7 1 1 4 13 10 3 13 7 14 12 13 12 4 9 6 3 9 9 14 11 20 16 14 6 14 3 6 13 15 13 14 11 20 14 15 12 9 6 5 12 5 5 7 11 8 14 13 6 7 10 8 8 21 19 12 12 11 13 13 14 11 14 13 17 14 27 15 16 17 28 28 18 18 
24 0 0 3 4 2 3 4 3 2 2 1 6 3 4 5 5 5 7 1 6 7 0 8 8 8 5 6 6 9 9 4 3 3 9 7 7 2 4 5 8 6 3 2 3 4 3 4 6 0 8 2 4 10 5 12 0 11 4 6 8 14 13 1 7 4 14 14 9 13 0 14 2 0 5 6 6 0 6 14 14 8 8 7 8 4 11 14 7 8 8 12 5 9 7 15 2 2 14 6 10 10 11 12 0 6 0 13 8 14 10 7 7 13 4 10 15 13 13 3 17 14 13 7 19 14 15 13 8 4 14 14 10 13 13 3 3 3 8 2 3 12 14 13 14 12 0 5 9 5 11 11 15 1 14 17 5 2 4 16 12 14 2 3 16 13 18 7 15 2 14 10 10 8 3 14 2 6 13 15 5 13 6 1 7 14 14 2 5 4 5 6 12 4 2 4 8 15 6 3 14 11 14 7 13 13 13 18 11 8 8 7 13 12 13 7 12 13 12 8 13 15 15 15 13 12 11 11 12 19 13 27 13 13 20 12 11 14 13 14 14 13 14 36 19 19 17 23 30 34 19 
25 0 1 2 4 1 2 3 5 7 7 7 7 8 7 6 7 0 3 2 5 10 9 8 9 12 0 7 7 12 3 13 8 8 7 3 14 7 0 3 13 14 13 2 7 9 12 15 16 13 15 15 8 6 5 6 3 13 7 11 10 17 10 13 5 16 0 13 9 2 7 12 13 7 9 14 6 19 3 12 13 13 5 13 7 3 1 14 13 2 8 3 1 2 16 8 1 1 4 10 2 3 7 7 13 7 4 13 12 2 14 3 7 4 14 4 1 9 12 11 3 14 15 15 17 5 11 12 6 1 1 8 6 5 14 0 2 12 7 5 13 12 1 3 0 15 5 7 1 7 5 6 21 7 14 14 7 5 4 20 15 6 11 10 7 17 5 10 7 10 30 8 9 6 13 12 12 6 7 15 7 5 8 7 9 13 9 8 14 12 14 14 12 14 13 20 14 14 14 10 12 15 18 15 12 14 14 13 14 22 19 23 19 30 27 29 23 24 39 27 28 44 28 29 33 38 42 
26 3 3 2 0 1 5 3 6 4 2 3 3 0 2 6 4 7 7 2 4 0 10 4 0 7 5 7 5 3 3 5 8 4 5 6 1 1 7 5 8 7 0 4 9 2 10 2 2 1 9 6 8 14 8 14 14 12 3 13 3 4 4 12 14 9 12 6 14 1 4 8 4 2 4 5 0 1 5 7 2 6 7 11 6 6 7 7 6 5 5 2 0 5 6 6 1 8 21 6 2 4 5 1 14 10 0 15 3 8 6 12 9 3 0 19 13 1 12 7 13 15 3 1 1 6 5 5 4 10 5 7 7 13 6 14 16 19 5 7 20 0 4 17 4 5 7 7 14 1 2 16 6 20 0 3 6 8 2 21 6 5 10 19 2 6 13 1 7 10 3 11 14 7 5 4 7 23 6 10 4 7 4 4 2 16 18 7 26 13 5 4 13 16 5 11 5 6 16 10 14 9 8 7 8 7 6 17 11 14 33 16 9 14 27 24 12 13 10 22 10 12 10 34 13 13 28 14 42 28 14 27 18 27 40 56 41 39 40 38 43 
27 1 5 4 4 4 5 6 6 7 6 4 5 8 6 1 3 7 1 6 5 2 1 2 3 1 6 10 3 5 1 10 6 9 1 4 5 13 3 1 10 5 11 8 6 2 10 5 7 9 5 11 7 4 10 13 9 9 9 12 3 7 11 12 14 4 16 9 15 1 6 0 8 3 10 4 5 12 3 4 3 7 9 3 11 11 16 11 14 10 6 15 0 14 15 2 14 4 0 8 13 15 7 14 3 6 8 14 3 12 7 13 2 0 14 3 11 24 8 8 6 5 14 13 4 13 12 2 12 18 16 11 7 2 12 8 14 8 10 25 6 6 8 3 9 15 4 21 7 9 1 14 4 1 12 18 7 7 2 8 6 9 5 24 13 20 13 13 21 5 5 16 26 6 10 13 7 35 12 9 11 10 14 15 17 19 15 19 23 22 19 27 30 14 18 29 29 21 16 41 19 25 27 44 34 28 32 40 41 
28 2 2 4 0 1 3 1 0 4 2 5 0 5 1 2 3 3 6 5 4 4 5 4 1 6 6 2 6 5 2 13 2 11 3 3 1 4 5 7 13 3 4 13 2 10 2 14 15 10 4 13 11 9 6 11 9 2 12 2 6 2 1 13 6 11 6 5 17 5 16 2 8 0 20 17 0 13 4 11 1 4 9 2 11 5 8 13 10 14 0 8 16 18 10 6 19 5 15 3 8 14 10 6 14 11 1 8 15 7 5 1 2 0 1 21 25 8 6 10 6 9 13 18 11 13 13 7 12 15 4 12 3 6 9 5 3 6 11 6 10 5 5 10 7 6 7 12 11 5 5 34 9 6 7 8 7 13 21 14 12 34 17 12 13 11 23 11 12 37 22 13 34 13 13 20 21 49 41 23 22 41 40 104 
29 2 1 3 2 1 4 2 3 6 7 0 2 2 4 6 5 7 6 10 7 8 7 11 3 2 0 3 5 3 6 4 7 1 1 5 14 5 2 1 13 2 2 3 9 1 3 3 2 4 4 2 2 4 5 2 6 2 7 4 10 13 1 15 4 7 4 3 4 2 4 6 13 3 5 5 6 13 5 2 0 10 5 4 6 6 7 7 10 8 0 6 5 8 5 5 14 1 3 13 7 2 9 1 18 12 12 7 0 15 12 6 1 0 5 7 14 1 0 1 8 5 2 5 4 6 3 7 12 7 1 3 11 14 19 6 14 5 3 9 13 13 4 4 14 14 12 8 15 17 9 14 7 18 3 2 16 14 11 23 6 19 8 18 11 6 3 3 9 3 7 12 9 14 15 22 7 21 9 6 8 11 21 8 21 9 16 14 6 23 9 7 8 24 10 11 13 11 37 14 10 17 20 14 14 26 33 21 41 41 22 22 27 26 31 42 42 
30 0 0 0 2 2 2 6 4 0 5 6 0 4 7 2 4 9 1 3 4 5 11 4 5 1 5 0 11 5 1 4 2 11 8 9 7 12 14 3 5 9 0 6 7 14 1 12 11 1 11 16 4 1 6 5 6 7 18 7 2 0 7 3 0 6 4 6 7 14 5 9 1 0 12 7 9 12 3 12 8 3 18 4 10 1 7 3 2 10 5 2 17 14 0 1 13 5 6 5 1 5 3 7 2 3 5 0 2 11 2 6 15 1 1 4 19 9 2 2 5 13 2 6 5 23 10 6 14 31 17 3 6 19 3 6 12 8 13 10 14 13 14 12 14 8 5 16 14 16 10 5 5 8 8 20 9 24 16 9 25 12 12 12 12 15 13 37 19 16 15 13 11 14 20 15 16 15 16 20 28 19 25 37 51 37 33 36 51 50 
31 2 3 0 1 3 1 2 5 0 5 0 4 7 0 4 3 9 2 7 8 0 6 8 6 0 4 1 6 4 2 11 3 1 6 8 13 9 5 0 6 10 4 7 7 3 7 10 2 16 12 3 13 5 13 14 7 12 14 13 11 12 7 2 11 11 7 5 17 15 11 3 4 10 3 13 2 3 12 10 11 5 5 2 7 0 1 9 13 13 3 6 15 14 6 13 13 16 1 6 10 1 7 1 0 20 3 2 7 7 3 4 1 12 3 6 7 3 15 4 20 13 5 6 8 3 6 11 12 13 4 14 7 6 6 22 9 19 9 9 10 12 8 11 14 28 23 12 12 12 14 13 13 20 26 29 25 28 34 32 37 
32 1 1 2 5 5 4 6 5 5 2 5 1 2 9 9 1 3 1 0 0 7 1 6 3 2 12 9 4 11 2 7 8 7 0 8 4 2 9 9 5 5 2 10 13 10 7 13 0 11 4 10 7 16 15 9 9 5 0 3 12 10 9 9 2 8 15 5 7 3 3 13 14 6 14 1 24 0 24 24 12 20 11 13 7 9 11 3 21 2 5 7 2 15 27 4 1 19 4 15 9 5 13 2 6 19 7 6 13 11 11 13 16 14 9 7 7 13 11 10 11 13 14 16 14 18 13 18 20 24 21 21 31 28 28 45 44 42 
33 1 2 4 5 4 5 2 6 2 4 11 3 8 1 11 5 3 9 1 6 6 7 11 6 5 2 12 7 2 14 13 7 11 5 14 2 10 15 15 3 4 3 5 10 11 8 11 9 15 9 5 1 15 1 6 3 0 4 1 6 20 6 2 16 9 10 2 10 18 8 10 4 14 13 0 7 4 16 3 14 5 3 19 6 4 4 9 5 10 2 5 4 15 15 3 7 4 4 6 28 5 30 9 6 7 17 6 5 15 12 35 12 21 8 7 17 14 8 14 12 14 12 42 38 14 42 19 22 20 44 33 42 41 80 
34 0 4 4 5 2 0 2 5 4 6 8 4 4 6 1 5 9 4 7 1 7 6 9 6 13 10 1 13 6 5 10 3 4 3 4 7 2 3 1 3 8 6 11 6 1 14 12 11 13 4 5 6 5 6 3 1 3 3 14 3 3 6 8 22 0 4 1 13 1 11 2 9 7 3 14 6 13 12 7 0 14 7 5 3 5 13 15 6 2 6 12 5 19 3 13 7 16 11 20 6 6 9 13 25 28 6 11 13 9 28 34 10 13 11 13 23 21 20 17 24 28 27 28 28 42 36 63 
35 0 1 2 4 2 4 3 3 3 5 5 4 1 6 6 3 2 7 1 2 9 6 3 11 7 0 0 1 9 12 5 6 6 2 6 7 6 6 8 11 7 13 4 15 7 7 14 5 1 7 11 14 14 7 16 12 3 3 1 4 9 8 11 14 4 16 12 9 9 13 17 1 7 8 11 12 24 10 6 6 3 0 0 9 2 2 9 15 11 4 4 3 3 5 8 11 17 4 13 5 13 14 16 17 5 18 8 6 7 20 28 13 13 13 22 28 37 29 
36 3 2 1 3 3 1 5 1 2 7 9 4 4 4 2 7 3 5 7 2 3 1 5 8 13 14 0 3 7 12 10 7 8 0 0 8 8 1 9 13 13 1 8 3 2 7 13 1 14 15 7 11 2 3 16 18 0 13 12 13 1 1 5 1 12 14 5 6 4 6 7 0 9 6 8 2 7 21 5 3 14 12 12 7 16 11 7 11 11 14 13 14 35 14 15 13 33 15 27 30 32 18 22 29 33 42 42 30 43 44 62 297 
37 1 2 0 3 4 4 2 4 6 5 4 0 6 2 7 3 1 2 3 2 11 6 4 7 0 6 11 10 0 1 7 10 2 9 10 0 6 19 6 4 4 2 4 9 0 2 1 11 1 11 1 14 14 5 21 7 1 15 14 8 4 3 15 9 11 9 3 21 3 5 5 6 12 14 8 8 7 10 13 6 12 25 19 11 14 12 13 12 31 15 21 20 35 28 30 43 
38 0 2 1 3 5 4 4 7 7 3 10 7 8 0 6 6 2 10 2 12 0 1 5 4 11 2 8 6 11 4 5 14 4 8 3 6 7 1 12 2 8 14 15 8 3 13 7 6 15 14 14 2 6 10 7 9 18 7 25 9 14 13 18 13 13 13 18 17 38 29 20 23 20 27 49 21 28 40 35 39 
39 0 1 2 2 2 8 1 0 3 4 5 3 7 12 10 3 10 3 10 6 1 10 18 6 11 3 3 16 6 2 14 4 5 2 4 7 4 3 11 6 2 4 1 4 10 14 3 3 0 7 7 9 8 0 11 3 4 27 10 7 13 5 13 11 7 12 12 12 18 22 17 12 27 20 22 34 43 38 63 164 
40 0 2 5 2 7 1 6 2 6 7 3 0 0 3 4 3 2 8 3 1 14 6 16 4 4 14 3 4 9 5 9 5 7 7 10 9 15 6 16 13 9 12 25 4 4 13 1 6 11 5 16 2 6 14 22 13 17 6 14 36 18 21 14 15 15 16 18 18 50 27 
41 1 0 3 6 5 2 9 2 6 7 4 7 7 8 6 1 8 6 0 11 5 10 12 3 13 3 15 7 7 13 3 6 4 8 3 8 1 4 8 10 8 7 7 13 13 4 7 11 4 8 13 15 7 9 1 5 6 7 7 10 6 13 9 13 7 11 8 28 12 17 23 18 17 37 26 30 29 52 118 
42 0 4 3 0 0 1 1 4 4 1 6 6 6 2 12 13 9 2 7 3 3 2 2 5 9 7 6 3 15 8 9 2 9 8 7 4 4 5 5 12 7 13 10 14 6 21 15 14 4 7 14 2 6 9 10 14 8 5 5 9 14 9 19 8 28 14 18 25 28 35 48 
43 2 1 2 3 1 6 4 0 2 4 1 1 3 10 3 10 7 1 14 3 10 11 4 2 7 2 6 8 0 11 14 9 3 3 3 16 3 14 5 21 5 2 8 22 4 8 15 8 8 15 4 7 31 24 23 26 14 17 22 41 27 28 29 
44 1 3 4 2 1 1 0 6 4 1 4 6 2 13 3 15 6 1 2 3 1 13 4 11 8 2 22 6 3 3 10 10 9 4 4 2 12 12 0 4 6 1 6 4 3 20 25 12 13 10 7 36 12 13 14 12 15 19 16 22 30 112 
45 2 1 3 3 4 6 0 2 3 2 6 1 0 4 3 7 0 0 4 1 6 14 10 14 13 4 14 19 10 6 0 6 11 1 17 16 3 6 3 6 13 4 0 13 25 12 1 2 3 2 5 4 4 5 4 11 8 7 35 12 12 14 35 30 26 18 37 
46 1 5 7 9 7 9 12 5 7 3 3 10 11 16 14 4 11 7 13 12 9 2 4 0 0 14 5 10 2 9 3 13 2 4 5 10 6 11 10 8 6 12 12 11 14 9 8 18 9 23 25 34 16 28 33 
47 0 4 0 3 8 4 5 0 5 3 2 1 7 4 7 17 3 2 3 4 9 8 8 4 7 6 1 5 2 5 14 15 9 1 11 2 8 7 9 2 12 13 5 9 13 6 11 13 7 9 8 13 13 26 13 24 13 16 34 
48 2 2 1 6 6 7 1 1 0 1 10 0 4 3 6 13 6 7 9 6 6 2 12 0 10 8 0 9 4 3 3 3 20 5 11 5 0 14 12 2 16 3 1 2 4 2 8 2 2 2 14 15 7 11 9 15 16 12 18 21 17 29 36 35 53 45 42 52 64 
49 0 4 2 2 7 4 2 9 2 12 15 11 5 11 4 2 3 9 2 10 0 10 7 6 17 14 10 3 13 5 7 14 12 11 4 7 34 13 41 36 36 
50 1 3 3 2 2 3 2 3 2 4 5 10 1 11 7 13 2 6 4 5 0 14 13 7 3 4 2 3 6 8 11 5 7 3 2 1 8 8 2 2 6 3 11 2 0 8 5 14 14 3 11 14 4 14 13 8 19 10 16 13 21 38 35 26 
51 1 3 2 7 2 5 1 1 13 2 14 12 13 12 1 6 1 3 5 5 13 7 9 5 8 1 13 6 2 7 5 1 6 5 4 4 13 7 28 11 7 9 9 5 6 7 17 21 32 42 
52 3 4 1 7 3 3 3 6 7 13 10 2 2 4 14 2 2 12 20 6 11 7 5 4 12 30 14 3 7 18 28 13 15 14 14 16 25 26 20 14 23 27 
53 0 2 3 5 1 12 15 14 3 2 4 1 10 17 10 12 21 7 13 20 7 11 12 3 0 10 13 3 12 23 10 6 14 9 11 12 28 
54 9 8 5 6 2 7 6 8 16 13 6 17 8 11 18 13 4 9 4 11 3 3 17 7 13 7 14 33 14 17 22 15 32 
55 8 1 1 3 6 9 7 1 8 9 1 4 1 7 12 6 13 11 10 1 0 7 9 10 1 7 11 12 13 10 6 18 4 15 8 7 10 8 14 13 9 29 21 28 
56 0 4 6 6 7 1 6 1 12 6 12 13 7 3 6 11 10 4 17 15 6 15 13 12 3 15 19 14 17 30 7 8 14 14 30 14 11 33 26 23 34 
57 4 6 3 3 1 0 6 1 0 5 11 2 4 10 1 3 6 0 12 12 9 1 7 14 5 10 13 4 9 14 2 13 16 14 7 12 7 8 12 15 46 
58 0 3 5 4 7 6 2 7 8 7 12 6 2 3 0 14 0 0 9 2 11 15 17 4 10 8 1 11 0 6 8 1 1 11 12 8 8 12 15 13 18 25 
59 3 3 3 0 1 3 5 2 2 8 1 9 12 2 9 5 10 7 1 7 11 2 14 13 12 2 7 1 1 10 3 2 3 3 4 14 7 11 13 14 4 13 5 10 7 29 9 10 22 18 27 
60 1 0 1 6 1 0 7 1 4 11 7 6 16 15 14 3 9 6 12 8 2 0 2 16 5 4 2 9 11 16 44 
61 3 2 6 9 4 7 7 14 7 15 4 3 4 11 0 11 15 14 13 2 11 8 41 
62 4 5 11 14 8 16 11 14 18 3 3 16 13 6 24 4 6 18 10 2 14 9 11 13 14 12 33 
63 3 5 3 6 10 16 15 0 20 1 7 2 13 15 15 2 12 7 35 
64 1 0 8 5 12 2 5 12 3 13 1 14 2 21 14 14 18 32 49 
65 6 9 3 5 13 8 16 8 3 13 15 18 23 14 
66 2 11 7 16 5 2 14 6 6 22 8 3 14 22 
67 0 0 7 1 11 3 5 22 11 6 14 7 10 15 29 
68 4 5 1 0 4 5 7 10 3 2 9 2 14 7 31 
69 3 0 0 7 14 8 12 3 6 24 28 
70 6 3 7 0 2 11 5 14 15 8 
71 2 13 13 2 2 1 1 13 0 13 
