0 7 1 2 14 5 24 36 20 40 
1 6 7 12 11 15 3 11 15 28 6 42 27 42 
2 13 8 15 21 27 26 62 
3 9 11 12 10 14 1 14 7 32 42 
4 3 21 13 16 16 19 
5 7 13 13 6 8 12 
6 9 13 13 7 31 12 13 14 15 
7 13 13 17 22 38 53 
8 2 3 10 13 13 
9 3 7 7 21 12 
10 5 12 17 12 10 19 14 37 
11 2 12 13 8 7 14 30 
12 11 11 7 1 12 13 13 15 39 
13 4 14 6 10 9 35 38 
14 5 14 23 23 
15 0 7 9 14 12 4 10 
16 2 9 11 9 14 13 
17 7 9 12 5 14 19 21 39 
18 2 13 13 12 16 8 
19 16 18 21 37 
20 1 14 6 
21 5 5 8 0 10 7 
22 14 1 0 13 7 28 9 
23 7 7 0 13 8 29 
24 7 0 10 12 14 14 4 14 35 10 
25 8 0 1 2 1 2 2 2 2 0 4 3 3 0 4 4 2 2 3 8 3 2 5 3 4 2 5 5 3 5 5 5 0 6 6 0 2 3 6 3 6 7 4 2 6 6 7 4 3 5 2 7 8 8 9 5 4 4 11 7 9 8 9 8 12 6 12 7 6 11 13 4 8 12 9 12 6 7 13 14 11 14 8 7 14 10 13 13 12 14 8 10 13 13 13 14 8 11 10 8 16 9 8 13 11 13 14 14 13 14 14 17 13 13 14 14 14 12 14 14 14 14 14 14 15 31 21 27 28 
26 1 2 0 4 4 3 4 2 3 7 3 4 9 5 5 2 2 4 9 2 7 5 8 5 4 10 5 2 10 3 1 2 7 1 4 7 3 4 2 7 12 5 2 6 8 2 2 2 5 0 8 5 8 3 13 1 4 14 2 3 3 7 9 9 1 3 5 4 0 5 8 4 4 7 6 14 4 6 13 6 5 3 12 7 6 5 6 3 11 7 1 5 12 7 4 0 8 6 4 5 16 5 6 7 2 2 7 6 6 7 7 2 0 14 9 8 7 7 5 11 10 13 6 7 8 1 6 9 14 7 8 4 14 0 5 7 1 5 9 11 7 12 5 7 12 11 4 5 7 7 8 12 2 13 6 1 8 14 10 13 9 3 15 6 8 13 2 7 5 6 5 11 14 4 2 11 3 4 8 14 10 13 4 7 11 0 15 14 8 5 8 11 2 2 10 16 8 9 1 14 9 14 6 13 14 7 7 11 14 13 13 8 14 7 4 4 4 10 4 6 10 14 13 3 15 17 13 8 5 7 4 8 4 7 8 14 4 6 13 8 14 12 16 6 16 9 5 13 14 4 7 29 15 14 7 3 8 4 3 13 12 5 13 7 5 21 4 11 11 5 6 14 13 5 12 7 7 13 13 13 6 10 10 17 11 8 8 10 7 6 12 9 9 22 17 9 14 14 11 8 13 8 14 8 13 12 14 11 11 14 12 14 14 14 21 14 15 13 11 15 14 15 14 14 13 14 14 14 17 27 20 33 27 28 
27 3 2 1 3 3 2 3 2 3 5 0 5 6 5 0 2 2 1 2 3 7 3 7 5 8 0 5 7 7 9 0 5 9 6 8 7 2 10 6 4 5 2 8 3 0 7 7 1 8 5 6 10 6 11 5 2 3 6 3 6 4 3 5 1 2 10 4 12 7 8 7 3 9 14 0 2 1 3 4 0 15 6 13 15 13 7 0 4 9 6 9 7 2 4 13 13 14 5 1 12 14 6 8 14 12 3 4 6 8 14 2 7 0 13 14 12 8 4 16 1 0 3 3 3 2 3 16 4 4 11 12 12 5 6 8 5 6 7 4 9 14 13 6 13 2 14 12 12 7 7 13 13 17 13 11 14 5 3 10 14 13 15 5 12 9 13 10 11 15 14 10 12 14 1 13 14 14 3 6 6 1 13 9 10 14 12 12 14 14 4 0 14 10 3 8 2 9 10 8 10 10 1 12 7 2 7 0 14 13 6 14 12 3 3 14 4 13 7 11 4 8 14 13 1 14 4 7 7 1 11 12 15 1 13 10 14 7 8 14 17 12 8 8 11 4 7 7 7 11 4 17 6 6 14 10 8 5 6 6 12 6 11 12 12 14 14 13 14 13 12 13 5 13 8 7 13 13 18 13 13 6 14 13 13 11 14 15 9 10 15 8 14 11 13 14 10 11 14 11 13 17 13 14 10 13 13 13 14 14 14 13 12 12 15 28 14 14 14 14 26 13 15 16 29 21 21 28 35 
28 0 0 1 2 0 3 0 3 4 3 4 4 0 4 4 6 2 5 0 5 0 0 6 2 5 2 6 6 3 8 8 6 0 7 5 3 2 6 5 1 2 0 8 3 0 6 7 4 12 8 6 3 7 5 10 11 13 2 5 10 7 5 7 0 5 2 13 5 14 13 1 6 2 10 11 9 1 9 15 14 4 9 5 2 14 10 3 4 14 12 14 6 1 5 6 12 12 10 11 11 9 12 2 11 8 1 14 14 14 14 3 5 2 10 13 12 14 7 11 12 11 12 5 14 14 11 12 12 14 3 12 16 9 14 13 10 6 6 5 10 13 14 11 14 14 15 3 14 12 14 13 9 24 0 4 9 12 3 6 5 14 17 14 3 15 11 8 7 0 13 10 3 14 13 5 7 13 6 15 14 15 9 11 6 12 12 6 4 8 13 6 10 0 14 10 15 0 6 9 13 14 13 15 5 9 11 15 3 13 11 6 14 17 1 14 3 14 0 5 1 11 13 7 7 13 9 15 2 12 5 9 11 13 17 8 11 15 5 10 13 5 11 10 5 18 14 13 14 13 5 10 13 7 5 6 6 19 6 12 13 6 8 13 8 14 13 11 15 14 13 8 14 14 14 6 35 13 7 7 13 6 14 13 13 13 7 15 10 11 11 9 18 12 12 14 9 27 29 13 14 13 14 22 12 14 12 14 16 14 13 14 14 14 14 19 20 34 36 31 28 35 40 59 
29 1 1 0 5 1 4 0 5 0 2 6 1 6 7 6 5 7 0 7 4 6 2 5 7 3 3 7 6 5 4 4 6 6 2 9 3 4 9 4 9 9 0 2 3 7 9 3 7 6 1 1 12 7 2 6 2 1 7 7 8 12 5 8 11 13 14 0 4 6 6 6 11 7 6 12 7 7 13 1 8 12 2 12 14 3 8 5 2 5 2 14 7 13 6 14 9 13 5 16 12 11 11 12 8 12 15 8 11 10 14 8 2 6 15 0 4 6 12 5 2 3 6 14 7 11 9 12 0 13 12 14 8 7 8 6 5 0 4 6 2 14 4 9 1 4 11 14 7 4 14 11 7 1 2 11 2 10 8 7 13 9 12 5 3 9 14 14 7 8 9 6 11 13 7 8 21 25 13 6 8 9 8 3 14 13 13 4 19 0 5 20 5 5 15 1 1 3 11 9 13 10 13 11 5 8 3 14 11 6 7 5 13 18 13 11 7 11 13 5 11 15 8 4 8 14 3 6 6 4 4 13 17 5 6 5 12 8 13 13 8 13 14 6 14 14 10 18 13 6 13 19 10 13 13 19 6 9 14 11 13 10 8 14 13 7 14 13 13 10 15 23 25 12 13 11 17 12 14 13 17 17 14 13 13 14 13 14 13 15 20 14 16 18 18 24 18 29 23 22 19 29 28 20 36 21 28 
30 1 2 4 0 4 4 0 5 0 5 1 7 6 1 5 5 6 1 5 8 7 0 8 1 1 3 9 5 5 3 4 4 7 4 0 11 7 5 6 11 12 7 4 4 13 13 13 14 6 12 0 14 4 5 7 12 6 12 4 13 4 12 14 0 14 9 1 11 3 14 10 13 14 14 14 14 0 15 12 6 4 6 9 4 6 9 4 4 1 14 1 15 1 11 4 0 9 3 14 15 4 8 6 13 4 13 7 14 13 16 2 0 12 6 10 10 13 15 2 4 15 17 14 1 1 12 14 9 11 6 9 10 5 0 10 10 11 3 3 13 6 7 16 0 7 11 9 10 9 12 15 13 8 8 3 7 13 14 6 2 5 19 14 6 13 1 19 13 6 15 7 8 1 0 5 13 3 7 21 15 14 17 12 21 13 0 1 6 13 1 13 3 15 7 11 15 14 14 13 2 5 18 12 12 10 6 8 4 22 15 14 14 8 14 10 15 19 11 12 14 12 7 4 7 12 9 5 13 8 14 12 14 16 14 34 10 15 10 14 7 16 19 13 34 13 11 7 13 7 17 14 12 13 13 13 14 12 27 11 22 14 12 12 13 14 11 13 13 13 13 12 14 13 14 13 15 14 16 27 29 19 33 34 34 
31 1 0 4 2 4 7 6 3 5 1 6 3 6 3 5 9 9 0 4 3 2 11 6 0 5 10 6 10 8 7 2 10 13 12 10 12 3 1 7 11 3 4 7 2 10 8 5 13 14 13 14 13 3 13 5 7 11 2 5 10 0 12 14 4 11 6 1 13 14 13 3 4 13 10 8 9 1 14 13 16 13 8 0 0 7 13 11 5 11 6 14 7 9 15 4 9 10 9 5 11 7 6 7 12 13 13 6 8 4 6 14 14 15 7 1 10 12 11 14 8 10 10 11 2 3 14 13 1 11 7 13 13 6 14 13 11 12 5 5 14 13 19 9 5 5 15 9 7 12 13 13 3 3 5 8 11 3 9 2 10 14 0 11 7 14 5 10 15 3 5 13 12 9 11 16 6 11 12 15 11 11 12 7 15 13 20 14 3 5 21 14 13 15 7 14 8 14 13 7 9 12 7 11 10 15 14 14 35 9 8 21 7 6 10 13 14 6 11 10 15 9 14 9 19 14 13 14 11 9 14 12 14 10 13 14 11 14 12 15 13 13 14 13 14 14 14 13 15 13 20 29 16 29 28 28 29 23 28 29 24 49 24 32 48 68 
32 1 2 0 4 4 1 3 0 5 5 4 5 4 1 5 1 3 0 6 7 0 8 7 6 4 8 9 6 0 0 1 11 9 7 0 6 10 10 0 0 9 5 13 12 13 4 13 2 6 10 1 7 9 7 14 2 14 7 4 13 7 0 14 6 11 4 6 14 10 1 10 4 13 14 16 12 17 10 13 11 14 8 6 4 13 7 3 14 14 3 13 2 13 13 8 15 0 2 0 13 11 3 11 19 13 4 6 14 11 4 14 0 20 10 20 10 12 0 12 14 9 12 7 1 0 5 6 9 10 13 14 6 15 13 14 12 5 6 1 15 13 12 21 0 3 7 6 12 11 12 5 15 6 6 16 10 11 12 3 9 2 12 4 7 9 0 5 7 11 4 9 16 13 5 13 16 8 13 10 2 13 7 16 4 2 26 5 6 5 4 14 9 17 7 14 6 13 14 5 10 6 9 9 9 14 16 14 8 10 6 6 8 18 7 27 12 14 12 28 14 28 14 10 12 15 13 19 14 23 11 14 20 15 15 14 14 17 14 14 14 14 16 17 29 33 26 21 25 27 28 22 34 28 37 28 41 39 35 35 29 36 28 35 42 35 42 41 37 36 41 38 42 43 58 92 
33 0 1 2 1 2 0 4 2 2 2 1 5 4 4 4 0 4 8 6 6 9 7 2 4 6 7 9 5 7 3 6 2 8 7 8 6 7 3 2 9 6 10 5 0 9 3 12 13 3 0 3 4 2 11 1 7 11 8 13 3 7 3 10 11 6 7 7 2 13 6 5 9 2 10 14 13 3 12 15 8 8 0 13 12 11 5 9 6 2 8 6 15 12 11 14 5 14 1 3 3 17 17 16 13 8 3 2 5 0 21 18 19 13 5 13 0 2 11 6 9 14 1 8 9 4 22 0 1 3 0 5 15 12 25 9 6 14 5 2 2 13 3 2 8 3 6 4 11 2 5 18 2 3 4 7 12 5 1 4 4 13 13 16 5 1 1 11 2 5 3 12 13 10 6 5 3 7 13 7 9 9 7 14 28 8 2 8 4 27 9 4 3 9 12 12 12 14 8 4 20 13 10 11 13 8 10 9 11 22 6 12 13 13 15 13 12 12 14 15 14 20 13 16 8 10 13 14 13 9 11 10 13 24 17 25 11 11 39 24 13 19 14 22 18 19 14 13 22 18 19 34 15 15 26 18 18 38 24 23 32 32 27 36 36 29 28 24 27 36 38 42 46 57 115 
34 2 1 7 2 1 0 3 6 4 0 3 2 5 10 3 5 4 6 12 11 6 2 10 10 7 7 7 6 13 6 14 3 1 14 0 4 5 3 11 11 13 16 0 13 12 4 12 8 15 14 5 2 0 0 11 3 12 1 10 1 2 2 0 1 6 4 2 11 2 4 14 1 2 16 3 14 9 15 3 12 13 7 22 3 12 9 4 5 16 13 3 5 9 4 3 5 4 2 12 13 6 6 7 5 22 7 6 15 10 7 3 6 6 4 7 8 13 3 9 9 4 14 8 9 4 13 10 11 15 7 3 7 11 11 10 6 12 1 6 6 0 12 12 11 12 21 1 14 9 13 5 12 27 27 13 27 3 27 13 13 7 21 5 10 3 16 10 12 11 13 28 13 15 6 10 7 8 7 27 16 5 14 10 12 13 7 8 21 7 12 14 13 8 19 29 13 13 18 11 11 21 13 29 19 29 28 20 21 27 30 13 16 20 31 35 35 26 26 37 29 28 23 30 24 34 34 25 40 31 40 40 52 37 35 40 35 40 40 69 
35 1 2 2 4 1 4 6 5 6 5 2 2 3 2 1 8 7 7 3 3 3 6 7 2 2 3 5 6 6 1 2 12 7 2 6 1 1 1 3 5 8 12 13 7 7 3 9 8 7 7 6 4 11 1 10 10 9 11 11 2 8 8 11 10 15 13 10 5 1 5 13 2 13 10 11 7 7 7 12 14 14 13 14 11 3 14 12 6 14 7 12 15 7 15 6 21 20 12 9 12 12 13 12 13 19 17 12 3 13 8 3 3 5 6 19 10 8 14 22 24 7 8 18 6 10 17 10 1 3 4 21 6 9 17 9 12 1 8 1 7 9 11 0 4 13 13 16 14 5 23 4 13 4 12 4 3 2 16 21 7 14 20 7 3 16 16 8 19 4 24 13 13 13 5 20 5 28 9 13 7 10 14 6 34 11 7 32 10 9 10 22 14 13 16 10 12 14 22 14 11 11 14 13 14 15 37 38 22 19 19 23 29 31 25 20 22 29 34 35 29 26 32 41 30 30 39 30 44 43 37 44 
36 0 3 2 4 2 1 3 1 0 0 1 1 5 6 10 9 8 0 7 5 7 7 6 2 7 3 6 10 11 1 2 2 13 9 9 1 13 6 9 13 6 9 13 12 7 4 9 10 12 3 3 14 0 6 13 14 15 5 3 10 10 13 12 2 6 14 14 6 4 7 2 9 12 5 15 13 9 14 3 12 0 12 2 20 7 13 13 13 13 4 13 2 13 12 11 5 4 1 13 8 2 6 10 2 5 7 1 11 3 15 1 14 0 13 3 18 3 2 21 4 19 13 2 5 6 7 6 17 8 26 14 13 1 11 6 17 11 8 11 24 4 7 4 6 4 29 2 5 11 13 16 7 21 10 5 11 8 10 9 4 11 5 6 7 10 17 8 7 13 7 14 26 14 23 23 12 10 30 13 11 24 16 16 10 11 13 25 15 13 18 21 26 17 33 38 25 26 25 25 28 37 32 43 
37 1 2 5 2 3 5 5 2 3 3 4 3 6 0 4 0 4 5 1 8 3 8 2 4 11 10 3 8 11 11 3 2 13 5 0 2 5 4 9 1 5 7 2 15 4 12 11 9 14 12 13 4 14 5 14 13 6 4 8 9 6 14 11 16 10 15 12 6 10 11 6 11 13 10 1 2 16 0 0 2 10 0 13 1 2 12 5 2 14 13 11 2 1 0 2 6 13 12 11 3 13 14 8 6 1 15 6 11 6 5 11 3 2 8 22 7 12 10 7 12 2 13 16 10 6 23 6 14 4 11 13 11 11 5 6 12 6 9 7 13 22 6 7 28 28 11 10 13 12 13 13 33 14 11 22 13 14 20 14 40 24 25 22 19 23 25 40 34 38 42 
38 1 1 0 2 4 7 3 8 7 5 7 1 7 7 2 3 3 5 7 12 0 7 6 9 8 14 14 4 13 10 12 14 15 14 5 14 7 7 2 4 12 6 1 7 10 0 12 3 7 5 14 10 14 9 20 11 14 12 9 5 10 10 6 6 25 11 10 13 27 13 2 3 0 15 4 1 14 15 10 9 12 6 2 0 8 3 6 12 2 7 5 17 9 7 19 5 5 13 34 6 7 26 7 7 10 12 14 13 6 20 11 7 14 27 8 11 8 15 13 32 11 14 28 29 14 14 12 13 33 14 31 16 15 20 28 26 41 21 25 24 45 32 64 63 64 
39 1 2 3 1 4 0 2 3 4 7 4 2 2 9 8 9 6 8 1 5 2 2 3 7 1 2 2 14 3 14 12 11 1 9 9 7 10 9 7 6 14 10 2 12 8 10 4 3 14 2 5 7 10 8 13 13 1 13 8 10 15 16 10 6 3 24 0 12 2 3 11 7 7 11 12 11 11 4 7 13 4 7 9 10 11 2 8 16 6 21 13 17 9 12 8 15 6 5 20 11 11 10 3 13 14 13 13 17 14 4 4 7 10 13 19 5 13 8 13 13 11 17 5 25 9 25 12 12 28 11 32 24 15 15 12 17 26 21 13 14 14 18 41 29 19 45 24 34 21 39 26 22 34 54 64 
40 1 1 0 1 3 2 1 3 6 4 9 6 10 0 8 0 7 1 1 9 9 4 10 7 5 7 6 1 2 4 8 7 12 10 6 13 7 7 2 11 12 11 6 3 9 16 8 15 9 18 3 11 6 3 12 1 3 6 3 3 4 7 12 15 25 24 14 16 10 9 5 2 16 16 8 3 20 7 4 8 1 2 14 6 29 12 9 14 13 13 13 4 6 10 13 3 4 27 11 6 4 6 20 16 14 13 15 7 6 7 34 16 28 12 12 11 28 15 21 10 13 16 13 13 13 13 14 42 15 39 28 42 28 20 21 28 29 34 41 
41 1 1 4 0 2 4 5 9 6 6 7 8 6 5 4 0 13 13 5 4 3 13 3 11 13 14 2 14 14 1 7 2 4 7 13 14 4 4 2 13 4 5 0 6 12 11 6 21 0 6 13 6 16 17 12 9 11 20 1 8 14 5 6 16 2 21 3 8 6 3 10 10 10 4 26 3 6 3 14 17 18 8 8 12 7 1 9 7 12 9 7 5 20 28 11 9 13 13 20 29 13 11 14 13 12 21 15 36 33 23 13 14 20 22 29 18 21 21 38 25 29 
42 1 4 4 5 5 5 5 7 2 4 5 4 1 3 9 4 0 4 4 9 6 0 9 2 14 15 10 6 9 4 11 12 7 7 1 7 14 5 14 13 5 14 13 7 11 7 4 0 6 13 12 0 6 8 0 4 7 10 13 10 7 9 9 9 11 0 1 5 9 10 23 5 18 9 23 10 2 2 8 1 17 2 12 0 14 8 21 3 9 7 2 1 12 24 3 18 10 24 34 6 5 13 13 11 12 13 8 28 21 13 13 27 38 26 14 13 21 24 27 18 22 21 17 18 15 36 36 18 28 36 19 41 39 43 37 41 38 62 
43 2 3 4 3 5 4 2 5 7 6 5 6 4 2 1 2 3 9 8 4 8 5 4 5 3 4 10 5 8 9 6 8 13 15 11 2 4 4 1 7 0 13 1 5 6 5 2 5 3 7 9 4 7 14 3 0 2 8 17 10 21 7 3 5 7 15 3 14 8 12 11 8 2 9 12 13 2 15 20 1 2 13 13 3 5 10 1 7 6 5 9 4 13 13 27 13 11 13 15 14 17 11 10 15 13 26 7 16 19 20 24 12 28 17 9 14 13 13 14 29 14 28 16 13 18 26 28 22 16 17 35 32 33 44 30 39 42 64 
44 1 3 6 5 8 2 2 0 7 9 0 9 9 4 13 13 12 5 8 7 7 7 1 3 6 0 1 2 7 11 3 4 12 6 13 0 12 8 14 2 1 14 14 5 14 7 11 0 1 10 12 5 9 5 14 12 18 24 16 5 0 4 15 3 15 8 2 22 5 13 3 12 12 16 10 23 3 4 8 6 11 13 11 5 11 14 6 17 13 16 21 10 14 27 28 20 14 12 10 11 27 22 15 10 19 20 13 36 27 34 22 27 28 27 24 35 32 34 
45 0 3 1 5 3 6 6 7 1 1 2 2 4 5 4 11 1 2 0 7 11 13 7 14 6 8 10 6 3 13 6 5 13 6 9 8 9 13 7 20 6 4 6 14 1 5 2 16 12 13 14 12 5 8 5 4 5 14 3 9 3 2 21 12 13 3 7 2 15 13 3 21 12 5 10 16 6 17 6 24 13 14 18 2 4 7 24 14 6 6 14 32 27 7 9 7 13 5 11 31 12 5 21 9 7 10 13 11 15 14 29 35 14 38 27 16 20 26 36 44 41 44 41 90 
46 3 6 5 3 6 11 1 3 1 12 6 3 6 13 4 14 10 11 11 2 7 8 0 14 13 15 13 15 17 13 14 3 2 14 3 3 11 5 6 6 11 4 6 0 19 2 2 8 16 5 11 1 9 14 10 9 12 5 10 7 16 14 6 15 2 8 12 7 8 21 14 14 27 8 13 5 6 12 35 21 7 10 11 9 20 11 19 11 22 35 15 36 19 30 23 33 28 27 42 45 43 
47 1 3 6 4 4 4 7 8 5 2 6 4 5 8 10 12 6 10 1 12 3 14 1 13 14 3 8 14 16 4 7 10 4 8 3 6 11 4 10 7 12 12 6 5 7 11 10 16 3 13 4 16 1 13 1 13 6 8 3 12 13 14 9 12 14 12 1 10 7 3 14 26 12 5 16 28 16 6 14 9 19 10 8 8 9 14 28 12 10 21 30 13 19 28 15 21 13 13 17 34 17 42 20 24 41 36 36 90 
48 3 4 1 2 9 6 8 8 4 6 6 2 2 0 13 4 10 13 0 4 4 2 6 6 12 7 15 9 13 7 9 10 16 11 14 11 6 2 5 12 6 6 13 19 11 9 20 11 1 13 14 12 15 8 20 4 1 13 7 8 23 4 27 14 25 8 13 3 15 15 16 13 19 28 6 8 10 14 18 22 16 16 8 10 13 13 21 12 15 42 14 13 16 14 14 21 34 29 34 39 30 29 37 42 
49 3 0 6 6 7 12 2 6 15 5 12 15 13 0 6 14 3 8 7 3 13 7 7 7 14 15 15 2 11 13 7 12 0 4 6 0 2 1 8 3 13 13 1 14 13 13 7 6 8 1 5 11 8 13 4 1 6 13 28 15 12 13 14 9 21 7 18 14 30 12 12 13 22 15 15 9 14 11 14 25 14 14 28 18 40 27 36 43 35 50 45 41 43 
50 0 0 2 2 5 2 0 4 3 8 4 0 9 6 10 7 5 5 3 2 3 7 7 5 0 1 0 14 2 4 5 16 1 8 6 6 14 6 7 7 10 4 3 14 6 8 10 13 11 0 11 5 4 4 12 12 20 15 2 14 15 12 19 6 11 14 1 2 2 5 5 1 22 6 9 4 13 23 9 11 11 10 19 14 31 13 11 22 27 12 19 14 14 28 36 20 40 25 35 31 
51 3 3 8 2 4 7 5 11 7 4 4 13 12 1 13 3 4 8 8 14 11 4 15 13 12 18 8 3 20 13 2 14 1 14 10 8 5 12 7 12 3 13 6 1 5 11 15 5 2 0 11 3 11 12 8 6 5 6 14 3 6 9 7 13 6 10 9 30 10 12 12 12 26 11 18 20 25 27 35 27 26 44 136 
52 4 4 7 8 2 4 7 5 10 13 5 10 2 10 14 4 7 13 7 16 14 1 20 6 7 7 15 4 12 5 7 25 13 5 14 3 3 7 9 15 6 4 4 9 14 6 11 14 34 8 10 27 15 13 11 11 35 25 42 22 19 23 38 35 
53 3 5 1 9 9 4 4 5 9 7 5 4 7 9 4 5 1 15 6 7 6 6 5 3 6 6 16 14 5 12 8 13 2 15 2 2 7 1 4 9 18 2 27 1 12 14 14 6 15 6 6 13 11 13 35 21 34 34 28 50 39 36 41 41 
54 0 1 8 4 6 1 13 13 10 5 9 10 3 8 13 11 19 13 13 2 1 14 9 13 15 10 10 19 6 0 4 6 3 18 7 0 2 6 5 3 3 4 9 8 7 12 10 21 13 14 14 15 50 29 43 35 42 41 41 67 
55 1 0 6 8 7 8 6 13 13 12 11 12 12 12 7 5 2 8 17 11 12 2 13 6 0 5 6 6 3 9 4 6 13 6 2 13 4 5 3 10 22 20 6 23 14 10 12 25 24 35 22 41 83 
56 0 1 4 2 0 3 1 3 6 11 11 14 9 3 12 2 6 10 1 14 11 9 2 10 8 12 10 13 2 3 0 14 0 3 8 1 12 11 23 10 6 3 7 11 17 31 13 12 27 34 37 24 28 25 42 27 27 37 39 50 
57 1 2 3 6 7 2 0 5 12 16 14 3 6 7 5 5 2 3 2 12 9 17 6 5 2 9 7 7 2 10 11 14 12 14 7 10 4 14 17 2 8 10 7 13 14 23 11 11 12 23 9 15 10 12 24 23 38 28 35 
58 2 0 1 6 9 6 7 6 1 7 3 11 8 14 13 1 10 1 14 3 2 14 13 10 13 11 2 10 13 7 2 17 18 5 0 7 9 11 16 14 3 12 6 11 29 26 9 12 29 12 13 15 27 27 34 34 31 34 39 39 33 
59 5 5 5 7 10 6 3 6 5 1 2 6 13 1 5 2 6 15 3 1 8 8 11 5 8 9 16 28 3 4 10 21 22 12 12 4 4 7 8 9 15 20 6 11 8 14 11 13 24 33 42 
60 2 3 5 5 6 2 7 11 12 7 6 3 9 8 8 2 14 3 1 20 12 8 5 7 14 6 15 0 7 9 14 20 6 13 4 3 12 3 20 4 14 6 8 6 7 17 7 30 41 
61 4 4 6 7 6 13 7 12 10 14 1 2 11 8 11 10 19 3 6 14 14 14 13 8 15 3 10 10 13 8 14 30 16 15 19 16 29 
62 0 2 2 6 3 1 1 13 5 1 13 5 8 5 4 21 12 9 0 5 14 6 8 7 2 8 14 15 6 8 3 12 7 16 29 13 13 8 36 17 16 14 37 24 31 
63 9 4 0 12 14 0 13 12 13 3 14 12 12 23 13 15 6 3 2 27 27 5 8 11 3 4 14 20 11 17 12 23 40 27 56 
64 10 13 14 7 14 14 6 6 14 23 1 3 19 7 13 6 5 15 12 13 6 13 18 24 26 15 41 
65 3 7 1 6 0 5 12 0 6 2 4 6 7 2 17 3 7 2 1 10 13 9 11 14 10 5 0 15 10 9 7 24 21 
66 1 3 14 14 12 2 14 7 2 6 1 13 7 14 6 3 14 5 4 14 5 12 12 34 27 33 42 
67 1 2 5 13 6 9 6 13 13 20 10 4 0 0 6 7 11 13 16 42 22 26 33 
68 2 6 9 4 9 14 16 13 14 14 5 11 11 6 7 5 11 14 17 21 26 
69 7 2 9 1 14 2 20 6 8 4 12 23 9 6 3 7 20 5 5 13 13 25 41 
70 3 2 9 5 5 8 2 1 4 0 4 4 6 9 13 6 13 14 23 14 30 28 
71 7 10 13 16 13 3 12 5 26 14 13 3 
